22268346
22336940
2518670
22217229
2977987
515732
2450940
2495058
3050607
2261431
2082817
2565319
3160714
2515408
2564740
2891504
2536235
2776329
2306988
2442814
22372513
119
2955297
1880700
2759663
1321280
2582775
2083308
2940912
2845986
2566275
481911
383325
1664770
2586090
732743
2934653
158286
2243960
2651298
757262
2544391
2570586
985833
903240
2625237
2390892
105960
19036040
616698
2617493
1549662
2850432
2517177
2240955
3025873
1700219
2956157
1012118
3016965
896239
3118490
2773069
2941024
1537533
2487787
133562
2230046
3224821
2825303
23394186
23399894
23428529
3241332
+13524253452
2341001
22253889
2861851
811214
22256983
3032456
2428140
22263870
2743079
475340
3059998
189531
21042465
2531224
1706450
1884940
3181080
22384255
2993961
3187467
3028454
1790167
3090805
2961885
2975993
2767239
3241058
2675454
3192826
2893144
2385154
23371818
3241179
3098554
2493771
23135883
463033
23465964
15945844
3074049
2443069
23344943
1766276
3181469
20772360
22251676
2957059
1695999
21150681
437185
22259428
22274139
2633986
3045404
2360790
23371971
22312238
22275835
2624698
674179
2662186
23462316
22219652
22287813
2236349
2426019
21965562
22323036
2531913
2924990
22445020
22368728
647146
2274407
2608752
22438415
3071817
2859435
2576937
2534161
449153
3000709
1666319
2567952
242446
2156710
3151086
2464744
2556358
269800
2785706
3197115
1721309
2412398
2638198
2187733
3239416
23374195
9773263
3241223
23471339
23537361
22251981
22254445
15902249
2855943
2936607
22319546
2435274
3227204
2617760
11893876
2963457
22382641
1660218
23181555
2093044
22286604
2186888
22408923
3009226
3227853
2428755
3201333
2008646
350154
438877
143090
22415559
2707141
2541884
1100396
23279817
2896202
2911051
3044220
2572762
22324731
2983968
2447385
2116798
2534103
2726635
2970123
23351818
23358833
2592112
3156125
2073572
2850647
22373930
3059008
2815175
2388698
3227437
2925083
237870
23370945
588879
23172583
1276343
2579941
2687907
3163252
2627051
22405774
208939
139571
23465639
2847314
2423149
2582129
3019673
23375889
2993134
2083605
15931219
2496282
2435684
23359950
3169187
2415876
22407312
474703
2704186
22252663
2828280
2131842
3215538
3103887
23570124
1927802
2668307
22284642
3158520
1827892
23359987
1179976
2731308
22421141
2652612
3029907
22253015
2873497
3224293
825661
1065092
22251669
2604000
2790770
22331760
22402046
452535
237280
23432887
2535045
1076213
22440712
22282856
22402505
2447579
3220454
1749534
2253302
1472340
3043033
22253699
2569629
2432734
1808779
2635238
2728369
23333375
22253070
3014458
3097701
2555730
22409870
1654248
23487170
2742529
2435710
23609593
3041056
2852625
2609448
22301134
22427705
2522740
3055326
3210811
1958528
3006211
2978337
22254604
1720598
188161
2927915
23401792
22266141
3033482
2611416
825704
1935853
716891
5497703
3111442
2506896
2052920
2881545
1528108
1925958
22320458
2674015
2823959
2497785
23399651
2278702
2529562
233925
2872073
2586187
3102877
22303118
2350079
23358088
2978100
3157697
2734936
23372191
22319074
2451962
2705640
3202806
3241419
2121559
2874191
2820055
3205906
22284008
3005325
704223
3016994
3205504
2418324
2224156
417614
22261604
557868
3074102
2885782
23484743
3102689
23159844
3222934
2959742
3014000
2115743
2351623
2073811
23358927
1282081
830069
2590577
22282900
2849521
2666466
3212348
23485888
2528618
2527079
1540428
3153494
22321888
3109070
3017979
2554435
2954087
824144
1965992
22403340
2349353
2901503
2424416
22252550
112884
23520810
1783580
22360859
2262484
3020105
2547322
23400260
1040741
3159612
3203231
2963957
1648270
22291518
2928914
1884676
1008436
15950721
2055716
1875253
15291827
1342106
378672
2261910
22253501
2526663
22425383
2388666
2891937
2729937
22416381
2441881
2059455
3042387
23431575
2853223
3139716
22335606
421349
2678776
3180115
22431714
2444204
2522625
2921758
3007848
22254177
3002010
23502137
3164392
22399871
2528304
3043830
2687256
23487118
3161151
3187350
1079841
2568030
22292802
1863091
1680862
3232212
22336929
2996529
171791
23443866
2740863
1696310
23370660
1779362
2835204
22259956
3227867
2465773
22278338
202666
2892474
3204809
22260866
1106124
2937142
1656514
2766802
23444923
1938792
2597994
2497511
2960098
2530912
22336706
2541848
2539731
951821
1415855
2609959
23492093
3126583
2904623
23375919
3020677
2915121
22356802
3159727
3524283452
23358730
426293
2653214
1702399
2880278
22344371
2725608
3161960
3047244
2966996
22347175
3038849
152727
22413164
2791296
2595732
23578481
3236158
2531160
23409156
2755829
2908150
22270660
3043699
2606723
22139253
2866924
1340889
22433481
710625
3568170
132016
1865544
23586374
2859565
2292286
134034
2894335
3029140
2866615
2384219
22342235
2643492
981973
2847904
1246652
2070919
303467
2852590
1026051
23590619
3042145
3104000
677160
2567897
22419342
23361238
3047809
3036734
2609649
23142212
3163311
22256762
23289375
2899616
1637083
3159021
22351771
2494512
2783654
1709791
2952992
22388702
3099443
129
2143609
145867
448565
23610448
23397325
340066
23467979
2957133
3076897
2134816
22272123
2927383
3237557
463814
2587915
2895061
2869065
858924
2602010
22252510
2984257
2249208
22253179
3117407
302927
2517957
2558235
2727902
2692469
3235036
2487939
22354266
2518424
2425139
1458353
1255260
270039
2915840
2896897
3030788
21302118
3006673
3203952
2076671
2717609
2900540
1018426
2512079
22248321
2487813
3190376
2324678
2245219
23609786
2080376
22347077
22251379
22387240
2931600
1645309
3037755
22351783
2721793
2780059
3115729
2901416
689850
2835328
2687722
2185262
2989994
3105832
2530663
22254731
23434406
2342914
22284326
2185186
2535369
782651
22282946
1474496
3215250
929099
2651473
2634022
2634188
2226977
2379258
3203165
22253376
816110
2639927
2783681
2684922
22272635
22253383
2160310
1862682
2416887
2386897
2522155
3106671
3196645
3236262
3014766
22401324
3037004
1926188
2858324
2490423
3228017
23367290
23362797
1649502
1218633
22292245
3033241
3237661
1966652
3221038
2563838
3057357
2809020
22277802
2637589
2253263
2426346
2749366
330824
22256219
2424686
22396117
22257594
22403854
2700593
2595579
3065389
3238499
22378183
3227518
3142748
23301723
22300241
3161610
3090850
22232466
2966263
2995778
2828229
1331520
2951429
1387571
2499280
23467791
1018303
13889080
148590
1312698
23357259
2785197
22286753
1703714
23281968
1290206
1008086
2445234
2566912
2062166
3196257
22274819
2545947
2429369
1590095
2579995
541905
22406989
22254200
3201697
662662
2150365
1402154
2532996
2985150
265902
1648045
1393181
2711479
2146856
2210458
614910
2464701
3225502
2983877
2544209
19035168
3241090
3192996
3111276
22348883
2902476
23270090
3173535
2859626
2411554
3076059
2843974
21903773
23175740
2996813
2830891
3011455
2392977
1112629
2756693
2931350
2074874
22422655
2872243
3056523
22230026
23362784
3111250
23356289
22343322
1703937
3134694
2820670
3192763
2379846
23495828
3133032
2142159
2646109
1688266
2384459
23525234
2827861
22322702
556760
3026086
3040660
23407597
23290577
22303350
760563
22255037
2680432
473853
446474
1679473
22264026
2701958
2441766
3045746
2113881
3106838
22442919
22267352
3219796
123000
2489749
2851648
117484
3027374
2074561
3159887
2725210
23361464
3129385
2489646
1754007
2761594
1798741
2498403
2644066
3238374
2113704
22291250
19221327
2114422
22276558
22251584
2435320
146950
3137130
22431504
2956957
1350566
23314959
2779592
23366044
2831659
3024209
3041759
1248991
22341750
3163246
3014043
2325556
2730297
3008610
2991943
2816271
3224942
2412570
2904954
22427651
2881509
1653402
18990981
23370463
1407245
23356890
22357960
2092912
22278272
3063453
2541357
2135524
2962206
22313243
2909455
2339689
1419245
2987113
102102
23511046
1939890
22352258
2411470
2736590
1459319
3056602
23325652
2501481
23358970
22336111
1420561
22290362
2962001
1584265
185815
1365668
2607558
2766702
22218058
2999976
2505439
2384433
22341349
3239795
2274456
2933344
3139514
290399
22304827
3228130
2859373
2850921
2776908
2530840
2587884
2602838
2685220
2434717
3227742
2495890
3181034
1863431
117400
1627406
2728987
124745
23172928
2500694
2609069
22274250
2894956
22286896
22251603
2749589
3230475
2432313
3069949
55907345
2708277
1383272
23357826
3067120
23419526
2913497
2210771
2879735
2462924
22384276
2832008
23358940
2592037
3143002
2997038
2870427
3100214
3157735
1719605
2122081
3062194
2849803
2602638
618697
23452747
22365529
3106934
2331109
22278342
846189
128781
3172056
22414561
2095785
3239174
2335980
397831
22282801
2924241
18029678
2783056
2847328
2427497
2593557
2788172
252933
3158054
3002115
22359041
2293099
22413749
2639999
22313045
2598673
23456564
1050492
2827161
1691993
2363234
2649829
22252784
3039973
334269
126
3240891
3163729
2845432
2602034
2848364
2388330
22313387
2384700
23415094
3007233
1661828
3162135
2707866
2672467
2560669
3012204
894583
2652453
365312
872214
2543574
2029880
2461784
2856132
3017015
2824240
23184614
806638
23413176
3068885
2588375
22306456
2445410
22356381
22329734
1857082
1320853
2208702
3142120
2754053
3023184
3061836
23605409
3219604
22260021
2269593
1967257
3134171
2941220
2267077
2673390
3193870
23372296
1630749
3127318
1112154
2964796
3091207
23356274
2497123
781973
2782257
22263490
1293762
2573949
23356745
2336906
23362246
22341361
2883478
2093194
2575934
2432804
22283585
2818619
2629285
23173370
649596
540444
23180917
22441908
3208875
23246879
2968513
1977660
2938541
4983676
1376779
22261980
3046039
2894094
15953803
3034184
3122406
2510289
2084521
734689
639647
1763383
2832064
2489464
1910736
22321731
3027848
22269954
2889515
2207539
23172621
2792959
1282634
22259464
119936
1276729
121424
23362033
2599788
2908916
3044093
3160603
898109
2806678
22327010
2794524
22275448
3080632
22280082
2086375
2573464
3122155
2918014
2741150
1860865
3045643
23357920
2782769
2926291
3239406
3119415
1956473
2121031
2127964
23404931
965558
3063347
2710675
3073844
2940572
798614
3000566
23435415
3074372
304922
22350297
2566532
631199
2685144
22268674
2687087
23370787
2073010
3228523
3089005
2586070
2201203
2647211
22256546
3140146
22260325
2783723
1635828
2135650
2926232
2490462
2451684
2429502
23462882
2758498
23443410
3033086
2511036
3032721
267824
23361849
2973249
2579926
2180235
1049011
15895268
648708
2920239
2563641
2410986
23365172
2112319
2780245
119264
23366226
306604
3215098
2517243
22395813
108263
2563785
1871727
2583644
2643367
439228
1670404
3027185
601166
22338991
3088619
2631072
2735125
23521387
2710052
427842
2384826
2657577
2715990
3148429
22253390
140442
1795762
3063680
2849780
21993030
2283694
1445199
3106280
2580530
2885486
22264437
116194
23361314
2692416
23372306
3164789
3028310
22305929
3137294
138285
744081
2067067
2351742
22265194
23557179
3000030
15957081
1391123
881457
2222817
2894732
2952021
3206744
2343464
1845307
3241195
2788580
2498445
3241149
396852
3199795
2847528
23329863
3233408
2535864
22252836
3011047
2790177
2885395
23437558
2897021
295390
1713740
2819312
2612405
3100348
2853239
103737
448290
2247122
3079584
23376329
3066688
3004948
23356111
2318778
2848882
2519252
23175890
403591
22277963
3144218
22276048
2860929
3161643
21138149
1753358
2528863
2379073
3156414
22252442
1299608
23478168
2542156
2862106
3043924
2078483
2507156
23478297
2379040
399299
2895875
2968645
22350586
3004374
2073764
2808598
23518255
2968382
328976
23399498
2849511
3148535
2788233
239917
3154736
2573346
23372603
1012821
2835121
23600167
2860321
2917665
485797
2303570
2513693
2775060
2418844
2654964
128667
2822478
2593306
22215813
2928580
22277821
2657560
2117225
3184570
3020661
2390621
2177812
3165105
22259253
22309570
2079752
1486080
2222614
2457507
22317291
2833315
2785820
2451076
2062979
2508974
3209611
22277672
23531497
2667963
23424738
2175444
3162297
2527284
22307558
3158064
2055918
2819292
3191153
932145
22253291
514939
22368984
2963573
3008284
2663410
2588882
2311157
1660100
22276205
2653928
22256752
1082400
2442805
22253227
3227614
1819723
2628576
3204042
23361527
3229799
2812742
23564214
21533176
2543013
3032772
1301044
1608000
23362349
1910953
2858901
3031857
2098659
141870
368471
3097625
3002876
2859232
410469
23373621
2840898
2384622
22257332
1441747
3040177
23363479
3195295
965938
23426114
3123859
22349710
2613264
23371640
2149334
522733
3161694
22276655
2545646
2532859
1349642
23238243
22258765
2434095
22254558
2152624
2076124
3024452
23358562
2529777
2454441
22252702
365176
2927852
1310268
2758707
1036276
22381657
2534851
3238354
299381
2594010
23565238
1699973
23402590
22251308
2124565
2924919
2082605
2792890
2197643
605274
3032254
23558348
23188189
2838499
3230722
20420992
479206
2865011
2529937
3238161
2650540
2426464
23301119
2920155
2073343
993170
3090163
1605206
2862496
22361098
2429681
22255281
2554154
2938858
3172973
22247628
2842687
3223331
3050219
2537425
3117063
21995553
22346708
1911552
1444709
2072473
770997
22374752
2926709
1829844
2707316
1065597
2419966
23375387
2635446
2958966
22279429
21752623
2817439
22252075
2426874
3223238
1649644
22406818
3170103
2933138
3139098
794590
2573065
2295353
22255334
3121080
2609123
2504062
1099200
2969263
3203692
2518439
2989193
22380569
2950475
3208228
22288090
441814
22218271
2820183
2801985
22430970
2935251
3202814
2456254
2909446
22254347
23477183
1540619
22252017
6839090
2591090
114266
1674705
23403190
2735472
2975080
2120373
337347
2758488
1018738
2157983
1416586
2897071
23069729
23438684
2887080
2451799
22285580
2450451
729286
23414561
23452281
2385039
3221390
22349779
2094105
2617480
2630949
22368757
2939771
1485571
3110923
3099609
2558423
15902620
3025481
2699324
3192570
23394750
22260427
2143704
22261902
3192564
642509
501841
22251827
3238523
22263914
2074713
2927295
515770
808537
2658804
1689208
3003003
4695170
3018251
2091395
5896693
3114053
22253468
2523787
22265937
2828317
2927658
2730332
2884069
3196582
22256231
1783497
2851552
23371238
3037482
23566637
2080151
23536571
2582091
2847928
22254851
3159690
1769447
192121
2361133
2500642
3159853
2620173
18988854
1443254
3034095
2514725
2677396
23069280
16178426
2093189
22323442
3239131
2994864
2505359
22252880
2178113
3238382
1663496
263618
3218205
22278901
2847336
22347954
20864239
2853639
2693344
2761234
22374858
1106059
15559049
3013258
2805854
3001553
2323536
2385900
23454831
650342
2435882
22311602
21217673
410632
22253922
2392003
3233851
2857950
22445314
588994
3171232
3013549
2878925
1669417
2748908
2828196
22263357
3233318
2571324
2503097
1476160
1436053
22253940
2851528
3238280
2758243
2458494
3156644
1718407
2719994
3007311
1850993
3227554
22365867
3159349
22428607
2524488
3023416
2426814
980894
2545193
2767987
2385282
22268356
338908
22318815
22331248
2844657
1245886
3241215
23440747
3161636
2999470
2367062
2893562
2136491
1086821
3100319
3037033
2896190
2946449
22259673
2772339
2731285
22433236
2974624
2306450
22252253
23515313
1138260
2555367
2845131
2592526
3141521
2568709
23360576
2546904
2522481
2494066
1074844
22290889
23192211
2446083
22384174
1293204
22268733
2687011
2868912
2451653
22252686
2390149
22341411
23159414
1416578
3104106
1637041
2087519
2819097
3442583
134567
3023400
22309094
2455826
22264088
818376
22280936
2201388
2445752
265950
2497560
2441591
22259800
584695
2609969
23274111
2584296
22251875
2624224
23608852
2963639
2454612
22321621
3157190
2540952
2569396
602291
23360942
2445689
23367535
963143
2959446
2968196
2549238
2844507
2609215
317548
22376470
2629060
3107470
1368556
22290970
3070390
1706345
759273
2895214
2861204
22292985
1745623
22374376
22279086
2746709
3048750
156277
22379448
2948485
15952197
3160582
3016238
3035807
1698601
22309545
1849871
2630931
22344530
2426566
1692100
3184949
23425414
2602392
110691
2451334
2684774
23429661
2648781
3228453
2121400
22291281
23370059
1637326
3034805
136189
2520408
2118285
2848836
2580165
22257195
1940668
3111036
1525054
2544403
2702737
2544502
2806740
1874193
3035041
3135758
22430956
420303
2566440
2524207
3198568
129481
2770447
22365949
1111407
22254648
23371137
2569291
2161106
2758220
2704603
2784851
22430063
2152314
2279537
2492164
2847573
2656546
2926570
2795529
2906211
2880476
756662
22281292
2597547
2493190
1770828
2618850
1342425
2240564
815043
22281571
3228293
22359106
3044658
2936296
22341504
22355453
3117769
510909
22212782
23435283
3185253
2832680
1886002
2878060
2569914
882588
2601261
3043306
2931820
19274001
2824420
22260119
2388344
22438684
977312
2489257
22258182
22469330
2173738
22331121
1691294
3226382
484565
2433412
2456474
2415006
2091791
23370128
2720891
2273863
2186789
1007280
2811499
22437541
23244918
676065
22411920
2845297
22270236
3176764
2622848
23438310
22262786
3240876
22356342
3165224
3162654
2862630
2574265
2764633
338192
22318224
2787380
2276651
22371129
2224641
21388824
2958781
2967565
2204389
2128539
2418385
23397361
960330
22265868
3048412
2915042
22270073
3038533
2348984
22252489
2833118
22324903
2963329
23400454
22302176
3139898
2970678
1650002
3199730
2300518
23277475
3071439
23532872
672770
2892939
2276142
2432558
2799859
2335218
3113095
2815348
15955681
3142049
22381523
3151738
2562261
2953968
660576
394206
3303333
2812917
2611919
22340574
2981388
3040895
2445635
2442096
2620629
15901545
2824234
2538441
1782264
3002463
22318838
1591524
1295150
22345763
2749601
2446669
23464438
3095621
2730361
1718007
2903852
23421597
2352544
1000701
23420104
2853759
100632
22305816
1223908
23401610
2723372
2546088
23322947
2999684
2347386
2098509
1010167
2353707
191286
3110123
249464
23396600
2499833
22261379
2444978
23372677
2283243
2126003
2414574
2581082
2593543
2849649
3051078
3035544
2779579
15954622
915938
1703525
2643460
3141380
1614785
2517722
22217545
2999847
22266555
23416372
2822533
23402397
2584667
2347706
3047580
132
3026904
2328310
23357772
2850279
2947961
2735499
3152068
23394556
3230096
536470
3037364
22377641
2641070
2873526
2550883
2238460
2531377
2583670
2890076
1625020
22311634
3009505
1337840
22362473
15940804
794981
2608494
2857947
2287104
22416790
2121981
1108809
1051618
23494452
18991766
22324719
3108706
3220749
2785142
2503253
741104
3163322
2554469
2620535
22291570
1651869
22267113
2393023
1398901
3138350
22275405
1757982
22251456
2760108
22345697
2490864
173439
1330847
2761187
3110984
3126340
2138323
3241064
3101838
23304710
2489857
2574904
4007312
22446757
23356038
2548969
1291456
1693912
3002736
15936064
809341
1853240
23449488
22277370
2699310
23356076
2672869
23424212
789967
3038418
2569531
1379203
21765022
2113533
2870128
22414337
3137815
22355980
2836561
972268
2390473
3089708
1781121
2384914
23405266
189793
9776495
3234085
770190
22282345
2667817
3105232
22254328
3040905
22378515
1381293
2731494
3140009
2731321
2706848
2858240
3130511
2552091
22403867
997832
3162359
22257399
23367151
1684773
1346450
2175768
2966355
106433
1358366
22397378
23370167
2683804
3085154
22396065
2156237
23360558
3043602
2654138
2880524
22344289
3229160
2652389
22434736
233006
3061439
2572386
2895418
963886
22379619
3169613
1861223
3083202
2301153
2276233
22278009
3033504
1477382
22339665
495837
1295620
2157587
22311504
3153833
2821165
2907705
3237428
21218027
2533891
23360707
13121123
2848103
2803319
22309680
1334067
23482683
2431155
3195506
2114047
23187549
251564
753443
2551352
2535502
2222156
16002636
2856747
3062532
2525493
23576193
173308
2588009
22352705
327304
2390214
23401526
3030657
1006537
3201811
3222398
2908384
1295996
2740498
3143706
22220431
2662733
2846337
2685108
2626985
887361
2345300
2780793
2844962
22403542
119738
22308145
23429853
3213971
23477434
2795963
2753257
2080735
2852039
611419
1880545
2203411
23189983
2858077
2562140
3213737
2804914
2218577
23396161
23356109
2325175
2967144
2611242
2497743
1710197
22301028
2183233
1648756
130676
3012925
428736
1773667
2603103
20613879
3083833
2111909
23517594
3186509
2782889
669189
23079212
22438024
2593824
1826036
2290862
208709
22252195
22205588
22407403
2907211
2433069
3059479
2448944
112499
3219835
2178248
22291641
20749213
2614594
22280158
217483
3186277
22301844
202146
2973935
22254079
1005972
22351340
2844455
2446643
2970925
2915561
23199489
2193007
2884178
22252464
2927552
23369059
2874551
3192987
23167770
2134446
23406859
2608868
2892097
2803687
3003240
23364232
2752695
2488869
22257120
22312070
376633
23357157
2487989
23445807
2314964
2940978
2851326
2303261
1112476
23178642
1022271
22407563
3228054
2542294
22407118
2969349
2260361
2692030
3036903
817810
2602312
228773
23406583
2634019
22339826
2856022
23214255
1708886
22384024
3081597
22252457
2578442
22278064
2998675
3014028
22429713
2526257
2780805
2573409
2940437
1128091
2909407
3143506
23506226
3034851
22417901
3096592
3078283
22272544
23399157
692974
616281
2690267
1109332
2767480
3141589
22264316
23216780
114287
2907579
22403181
2574829
15904929
3105504
2009420
23359292
22152207
3065495
2129051
7412528
2460772
2999782
2536973
3033829
2093106
3228283
22395781
22445102
289384
3203047
2526682
1537327
2989028
22279934
22351467
3107108
3218095
22333025
3159110
1846292
2444759
2622354
355961
2564132
23536338
2700410
1802048
23403476
22217722
986629
2958014
2497393
3056231
23489458
2411504
2650292
1113866
23583305
3143920
2453293
3234180
2883456
2928384
22260756
2607181
133061
23369649
2924504
22314303
3228848
874568
2426587
2846935
22374937
356976
2266041
2740658
23266137
22278421
2337179
2459620
198107
120843
3122139
2809110
2268037
3208188
22373896
1546240
2647196
3238328
2690445
1912114
2655239
2820064
2873669
2782435
22430202
3040066
2776035
23450640
2850570
3209287
23496620
3063761
2956285
960569
3062461
2845351
3144912
2671312
22254903
2573788
2079761
2220527
3017713
110122
504920
23213270
23356554
3039984
2076937
2709606
2616120
2647058
2659945
1671008
1317692
2248393
2330115
2176913
2820333
1607711
2884492
2962891
2598565
22397434
3192083
23594606
1838524
1113966
22253157
3191427
3164847
2154514
1400008
1532669
2611940
2928792
2150588
2664257
574280
1008400
19134978
15908726
3065303
2192572
2591895
2176758
3106807
1867363
2812935
15942644
23364812
3105790
22289180
3147090
1286968
2846628
2944466
22262890
947637
22419742
2787225
22252208
2112865
2598344
23403745
3228028
2773831
22253635
2150590
23375982
1313668
2501420
23399396
2706732
23446435
2499626
23364169
2526861
23369829
23436883
2554935
2634820
21447632
22234025
2911379
2554775
118956
2579475
3193592
2850334
23471069
3010029
2932572
2886324
2009569
21637545
2994724
2586021
3157470
22259263
2385569
22015566
3237020
2714234
22422207
2183112
22252698
23069796
2309169
2942621
3059903
2502744
23598112
279686
22327775
2704890
23424248
2868339
22404336
3109378
22288332
2532073
22305260
1277021
2320964
1334907
1912161
2570383
2423775
1533453
3154877
2542409
2082499
22252476
3103212
22438901
1779171
3218015
7004270
22402662
471844
1405921
360739
2687345
2571641
394317
20742316316
3241102
3207658
22370931
2333611
2680563
23189614
2434983
2862947
3012628
3087393
16130712
22329865
23355405
133816
2581228
2385531
2491720
3190712
2505239
2536750
3053902
2877385
669725
3199356
22433124
2813748
3215325
22256455
3193829
2535604
3097405
2298788
22311832
22256741
1789453
3236905
2927218
3047954
1666557
2923304
2290255
2851005
23366217
23606464
103967
2824613
22441955
1656841
2122901
2534869
liz_spencer25@yahoo.com
2646145
3039870
1852959
3104937
22196310
1817445
3014546
22261786
2918774
2122620
2875028
22261526
2957772
22263643
3025192
22265025
2309308
22345652
1965735
2986336
22257901
2956986
1716855
2961595
2615706
1377331
22406787
2119065
3105154
2961155
3137182
23579861
22326150
3029362
2513287
2064660
2444601
1347479
2225396
3226200
22336276
23368551
2593207
3238551
2609459
2829060
3195824
755339
3197529
618861
2962571
2541748
3050147
2591436
10752466
666378
352665
22269362
2464863
22280745
2868528
2234153
3081713
2516864
416658
2089131
2558367
23306066
22256247
295208
2413507
468439
1591164
3029379
1352999
1698025
2853352
22254820
3241032
2496303
605865
3238296
2647178
3024265
2495677
2526204
251813
1712272
23193949
23490052
2647102
1545654
3159625
3008828
2455886
22399714
3212891
22283339
1878072
2589224
22275308
466909
3181195
827584
1536662
1250847
112999
2302265
375381
192224
3045323
2063116
3018729
2609740
22444912
926174
2458166
3239610
144290
3108029
2878453
23443434
2529654
2510512
2071211
23564591
1349415
21547673
2150652
3048981
3222133
2711897
2430302
3035949
22273857
2993066
2441270
2122009
22247671
1461366
1646740
23510450
3044026
2608367
2587564
22253822
2601570
23395482
1218223
1879461
6993776
2382477
1687173
23366659
2755417
23467281
23523788
2324244
2562840
22275879
15909266
1830179
2948234
2997907
2540211
2327730
1334035
2850584
3165590
23555760
2764437
1642986
2746074
22287077
2243312
1565222
3103637
297245
22261016
4874908
3099893
2152708
3237891
2422857
2885589
870918
2902400
22253760
2906618
2489572
3009213
2065975
3222356
2975061
22252399
2504221
2576766
2599855
2602250
23445050
2507308
2615132
477395
22291477
1756389
22348033
3011926
1915157
2849607
3195467
2822440
2262161
1549743
2999259
22253366
1286738
23182313
22371032
3227721
2984683
3180545
2606374
2423449
2429547
175760
2549923
22253343
2648421
143619
494401
23421836
2896229
23238461
3134728
2385023
3034463
3228762
2666023
20612452
2846390
2839022
23367559
3225598
2740546
2233902
2932656
2443077
2928155
1464735
3011871
2957682
3088905
2982132
2820415
2452915
969626
2420323
2714560
15974308
3034956
1696730
3143595
3128065
22399082
20376350
2596699
1955880
1745078
1683597
648719
2465106
2217906
2888237
22276425
318072
3159379
2614434
2259803
13290610
398251
2772115
3219817
1730534
2679539
481551
22439280
2921760
3003647
22185971
3160332
2791361
2828356
1703198
3228003
22314898
22399728
2905233
2983302
22348197
22233804
3164858
22387415
2389616
22417718
1341236
3214601
2988925
22258709
2849044
1385209
2203820
2177392
3129270
21623098
1378559
2491919
3048293
2073947
23585709
22265970
3016131
23352815
2427905
2542308
2999528
2072695
23183510
2115915
23266398
847364
2619326
23234387
1634882
23375644
2749397
2845831
2521643
2121391
1527523
2974226
2846956
22255953
23572091
2923827
3220175
21378943
2224739
22324083
1707377
22364944
1782009
2851997
1537119
2992759
2878714
2054733
2524850
850020
2701135
2830915
23367697
5849742
3164928
2571460
2893055
678555
129311
3103490
3105647
1661147
2645593
22301096
23413476
3185969
3234317
950019
3092254
2564803
2635620
23215288
15209058
22256957
2520636
2078366
3161503
2884146
3096350
3119361
22400498
2845405
23371364
22315006
3151305
2529519
22313102
1791535
2552193
22285447
23443802
678215
2871364
1720310
1022027
1403993
2663788
3097973
2300277
2523577
206803
110820
2428972
3013339
2504754
2137061
2506467
2031838
23363713
3047720
2610686
2956315
22264540
2121257
1322883
22322507
22336293
22254299
3059615
2747958
153621
818056
2448903
2343298
2658346
3053164
20646305
2237810
122337
2778979
22254000
22253746
1654599
2934844
2433400
23710705
3234248
2062103
1647409
2559438
22321484
135588
23404914
3219469
1014501
22273569
2829348
2581812
23367953
23504018
23571990
1274886
2494121
22327189
2389195
1042461
2880452
2703647
2871412
3218338
2529453
3113590
23571073
3227440
3115602
22413770
2550623
1759479
1607737
2913720
858957
168333
15952749
22257086
22257680
2967624
2848895
3110458
2285349
425834
3218988
22254833
2384378
2422414
131781
22289104
3156344
3046831
23376125
2601319
2435433
22254918
2494814
2804948
2857098
2745321
23267794
2625444
2537735
2701255
2136746
22312259
2635840
2754476
23420175
2624784
3071456
3219990
2240972
2798806
2660175
1505883
2615435
22253799
3001380
22252061
2116160
23233829
1285268
2534718
3225745
1769413
1821256
2662093
1589093
22276977
795411
2735219
2906132
23486595
499928
23395046
3160394
422428
333455
3238991
1638228
871927
23395967
19034616
2918926
1314682
2954239
2332568
2464181
3197006
1417121
2119712
1796347
2692430
2942299
2995646
2932538
1113895
2882993
2388628
1416465
23372428
22335850
22364967
2558989
2504213
3076626
22440011
2462879
3159576
3041169
2384115
3214243
440623
2873779
2662884
362973
22278723
2232630
2454980
224678
2554727
22314802
3039681
3220200
3234954
3200139
2792074
2500102
2289310
2539336
2092352
22286617
2788952
2890718
2806415
2511742
2150505
22316809
2611197
2966308
3110297
22352374
22318553
1675066
22314546
22254933
3034674
22439139
2796314
22407093
2517512
3109445
22260665
2443573
1748996
2491578
3069637
2538152
2927639
3087730
2786990
2514912
2824381
1874341
23577574
2755904
2308542
826994
22252996
22741089
3103670
23406922
3199597
2719670
2878465
195625
2971393
1631711
2819914
3133054
23419616
2849613
2355751
23394348
2455473
2959104
1655872
3040101
2119438
2320682
2958277
19955682
22310821
2890402
3097554
2549169
23398273
2290971
22346825
2902115
15981661
2501323
3115067
2198018
2257289
19065419
3005171
3235500
2271002
123386
2837292
2641368
2240405
2968473
3241183
21389170
3109975
494199
2520837
23350627
2926451
2513907
23394892
2053906
3114330
288731
2453261
596528
22320216
22253256
3188086
2562385
251638
3142684
2310988
2578774
23356208
23367817
675427
22260612
2971662
251656
3184218
116825
2262847
989079
22418972
1695780
23460440
2336894
22395244
2624923
2977471
22345981
2594884
23336835
22311648
22340323
23454256
2060519
3240352
2928333
1943753
1223450
23404855
2117101
2294640
2717364
394760
23588794
2092082
2491149
2251098
2684917
3055342
2836129
3116351
23367359
3110673
3118406
3028633
267951
22333039
121229
22352464
22342409
2085230
22254865
3153599
522772
677933
23371821
22349445
2320519
2635094
3060867
2582247
2861239
2775821
22301674
2878027
11860198
2977590
733064
2495792
2856115
22251569
3238606
2778268
3107360
2890466
22338272
145204
23429359
3220658
2435393
2588086
22326759
589629
22252675
3079295
23514040
23601417
666717
786684
2745756
1530376
2205787
2891546
2288966
2145789
854815
3203857
2732617
3039704
2077069
22256999
2466103
2540996
3216636
779029
1132798
1341584
1450757
23361947
22404473
22321682
22382344
1689026
2220453
1030579
2551749
3226925
22258090
23362205
1857383
1412844
23606053
22290616
2123160
3104895
23399413
2935167
2031244
21610938
3018956
2119575
1940361
23326721
2186047
2852583
2651940
3027168
2621799
20606418
2502286
2510420
22315078
2947785
2452576
1740978
23448667
678315
2385397
3058005
423880
2651695
1532711
3145717
2934673
22256962
3204747
2434348
22255102
1410094
3241266
3100423
1255974
2333950
23546614
2530972
2961604
2904512
23372810
2807253
2219049
22310210
2857073
22277552
1273549
2943737
3070119
2991048
2616111
210881
3241159
23372060
2802456
2222764
376091
2283517
242635
1330502
2290239
2563254
3128685
1469287
3057403
3227468
3035172
2349539
2518558
975045
23394483
3237808
22400547
22407019
2625728
128009
1151737
146818
1630830
2621723
722509
3165320
3077646
2910278
911691
121702
1372331
1523526
22314629
2646805
22251613
3108618
3237955
624524
2384769
2716379
22313080
3046399
2541471
2560411
23345479
3194336
3106423
2390334
2443044
3110231
2771806
22207120
2665063
2990473
2590941
2874753
23355980
2620011
2830906
2459148
2431106
22380697
22387002
2322577
2116035
22336498
22264538
2581060
2608995
2958959
22407284
23180168
2939351
3087796
22274912
2966487
2936152
1840800
3211550
2920011
23457588
2850607
1860563
3094891
2716869
503997
2964078
1942813
23370190
22272207
3132964
547759
3153717
2506017
1643763
501704
23558295
23417280
1841871
498395
2279639
23229229
2849696
3116411
23451022
102742
3238547
22252814
2158166
3233113
1111892
2591919
3190382
1205401
2308715
2903696
2581552
19704957
22322810
2875031
2098801
3103798
1003627
23539509
15266684
2969115
22394824
2914058
22400886
2431404
1872785
3110248
3210763
2500395
23374889
2791654
2582369
3166690
2514797
2848050
3238019
3159230
3057773
14845019
22252581
22352724
2608674
2547420
363857
3241402
1869227
362364
23411980
2923119
2652672
2757402
2209985
2574212
2626678
2656179
22257582
386817
23354611
2240724
746256
2806234
2385378
2195846
2386234
49999
23414749
265206
22290199
2966586
3198025
2987886
23436615
3056430
2531000
3104633
3131659
2725236
2346928
2771422
2666526
22428042
2441899
2841534
2960417
22376605
3203147
23374763
22259915
22345674
23537831
3186817
23376509
2754460
3015408
3005259
22252725
2861525
2117312
2977161
22251446
2953242
2567132
2891820
2623415
2067609
3099611
2943678
1460047
1375414
2853463
22435973
3080800
3106945
22384593
23370185
2191673
22256684
401395
3161289
1218063
2175967
3169944
22257408
22382031
22330898
425146
3220013
3194675
2525242
3172685
2603778
22318002
2247500
1463836
2541851
22340453
1605032
2417139
2253885
2812877
21432937
2902968
1761006
22430379
1841131
2778107
22314969
1779092
2557546
2337066
3206266
22327319
2782548
22253959
889710
22256401
22253539
2177181
2917472
2861194
2136392
3142227
819503
2654008
3082708
2042094
2855507
2420079
2850006
2753902
2449056
1797165
22258565
3023240
2507310
22445282
2877780
3114077
1286779
247428
3147510
1705796
2923504
23369885
22412230
2847870
22397115
3195768
1871085
2272495
2502851
23366669
22278104
15923631
2093067
15995135
21263467
22382227
1762925
2075474
2950266
1799618
22398677
3047759
2245531
22255723
2706360
2723908
23416860
2960122
2458732
2868865
2124225
118555
22270876
3034307
2638796
2550127
2389005
22354017
109886
2204003
23464676
2581130
2861409
3086306
3107451
2859859
3228489
2384954
2116368
2876908
22272363
2711619
2745012
2392522
22258373
2560528
3009461
755186
732682
22349237
2941055
2721165
2883265
23345324
2918282
22311672
1339339
22339087
1250961
2988800
3161843
3103918
23500910
2492195
23482914
23439186
2383876
1680949
2056865
1476705
2684610
2625984
1251312
941845
3048236
3107556
2960305
3115749
2554878
23362778
1531353
402828
1690611
23419201
23365994
141525
1107292
2916632
23397835
23238102
22016371
2522219
2315064
3105674
2433263
2118194
340177
414756
2583078
1017749
3161620
22305633
3032301
2418131
2199583
2942870
22218225
2441230
172577
13921453
897816
3232996
1375773
2915691
22331317
3071925
2650558
2449003
23355929
2643072
3080241
2078823
2111647
146940
2294073
819858
586432
2631134
2266295
2577585
540959
23500654
22365427
1255436
2885800
2551579
2534571
22382134
22358393
223971
23323159
2614074
2244918
251747
869443
22274891
3038698
2805782
2774872
2849929
18938241
22209909
3108174
3139545
2547309
22279769
1652865
3035431
2649966
265839
2992970
22251849
1247965
1544020
3153352
2708304
2814679
865332
1224663
23360938
15081537
1824501
2091694
2788489
1446276
2862933
23571869
23531253
2423618
2662921
3194226
23356906
2847164
2916947
1536188
22259734
2890324
23328870
22330658
3039718
2423999
2674147
3218774
2657994
22379627
703541
2685632
3213209
2678558
3042088
3104264
3008018
3174058
22275728
21944176
2607173
2580743
2960963
1718380
2576086
22251857
23372335
2970691
22279555
3122048
22432247
2876237
978816
2640694
2625222
2359709
23399558
2833343
19963864
1355903
117387
2849320
490003
23372219
1064388
3112806
23408416
22285306
22210804
2671547
3087680
3093769
203607
22209762
2619410
2434559
23563504
3036476
2327377
23406191
2451785
139099
1870360
1655896
2792945
22264588
2111781
2960239
15893955
2539143
2965024
2718734
3117424
291219
3126525
15928225
2633444
23394171
129200
2527944
22337276
627896
3012718
3225434
3074368
23431794
2504420
283054
2995851
2233273
3179427
1710113
2538041
2949290
3228605
103065
2345680
2870179
2980317
22406000
23174951
23413819
22377186
7517343
22254051
1939448
23587868
1537911
2637125
2098204
1746229
22252799
2815355
492196
2538674
22255792
19964103
130265
1409637
3184670
2504074
1293233
2160109
2097221
2442612
3001742
2518542
2343109
2500075
2160591
2608833
1476577
2988900
22280278
2557066
22349298
616988
23371089
2915672
22371757
2068985
2077529
2411974
3196622
22293080
21980319
22346250
2802541
2650652
3049803
3179727
3078608
2782805
22339142
2685056
2967337
22351757
2845619
3186184
2789233
3220754
22285522
15968169
23358340
2769181
2799888
1863603
2321432
3031353
215678
392911
22375019
2888827
2625643
1542716
22313263
22257575
22257969
3239190
2088025
2686993
2734335
2933331
1418072
664628
3228879
2977255
1437545
2887414
23305419
23170720
3040162
2443555
329538
2923910
672784
22350619
228987
2455538
2775589
628340
3228245
23196137
1540939
2538649
544808
2110036
454059
23374832
2637841
2874821
22330697
3145673
1835567
2568671
2850101
2538555
22320127
23375816
2501361
23445078
3160027
22305164
22251552
2489946
2076518
1254341
2886875
2845949
794124
22439664
1463869
2449107
15901443
2435066
1385635
22252030
240083
2987524
179340
2956055
2876339
22280621
2800532
2989574
22398899
1338689
2594415
2459034
22253587
940181
950784
2971805
2620501
23365124
2791899
690094
22272796
3016417
23599313
2890127
2359504
22280762
2506608
3156959
2462309
1711309
1649585
3197870
1746702
418463
1545510
2265642
22261708
15940330
3225817
1792728
2916342
22319290
2527408
23082100
22354451
2574775
2835743
2277993
3056598
2928359
23510099
2913896
22254426
501579
2938133
3034398
2509851
2707495
2292858
2973202
3087500
3054735
2115555
2421889
23395918
2263271
2639329
3237432
22351734
19139428
868811
2493335
23404162
22412347
2268938
410600
3233046
106343
3238868
108329
2496238
2998019
997947
3212966
23395109
22275225
2261126
3112670
22348021
3036053
2567669
22392410
2491481
2780401
22422139
1437673
15902395
2958670
709236
22280300
3069720
2432200
3024802
2926535
22393164
2829338
2133604
2488741
3241119
2425219
1779248
2134902
2878139
2651209
2252595
2247687
2517832
3026796
2546037
1016376
2830642
23558137
2790573
2870013
2949189
2463281
2160919
22418770
22212332
2806706
22272782
3212527
19035098
1751401
2648563
1286207
22141618
1815429
2664993
2174766
2872112
23269693
2609787
2533502
22252149
2115105
3116545
2625266
22280479
2968229
763319
2150041
23364055
2983244
177540
2500603
2510033
22311729
290454
1874611
3162761
2522947
20694547
3037595
2998736
23563972
22318182
3162619
2948913
253799
2918191
131529
22252498
23300732
3228148
3207897
2868307
3227235
2895686
22374912
1714100
23356495
2850823
2621788
2534772
23374819
1572293
3234400
246225
2144014
3009258
3040357
2264764
1963056
616336
829171
3085435
23409164
2963991
3076900
22305193
22230427
935097
22397750
563595
1104596
106469
2343778
2246134
2146588
22274350
23476193
3037619
2690743
2224299
22397057
15928193
2066626
2905334
1532383
2238517
2600752
3238187
22262271
2609631
23583787
3191490
3028755
1789293
2971357
2530721
22253000
3172748
1769096
22340319
20557919
22416130
166422
2730176
2539887
3017599
15902842
2959902
372842
22253700
2235590
22309794
801798
23485709
2789252
3027237
2666055
3233457
2954860
553721
2781192
20649970
251913
2715497
22306091
2860868
1012717
3144716
22335405
2588323
2984098
2623818
22316239
3239218
1152031
22254128
3107678
2841099
22348280
2256493
3080989
1881593
2804222
937993
23587808
23268412
1663137
3146883
105248
1458908
2735661
2088788
3051364
3000104
2351510
2463134
2666315
3222129
2302349
3095996
2496538
20495472
23427427
2859694
22383391
22271451
3169865
22278490
22280191
2582958
3006053
3106972
2872421
22270297
2569483
759225
2844758
2955945
22248634
22396741
2379131
2715243
23394885
213980
2801744
2664077
3084570
2999412
23531526
2983812
2682733
3201323
2497400
2183849
3230535
2158460
2463614
2451156
1834986
132182
22386442
3023057
1441485
2827833
23397879
3104841
22380231
2944800
3146354
2712895
495820
2876614
2627269
2623253
22423027
2265164
22157213
2583828
2554860
3156281
501831
1616115
2391510
1373461
22363566
2638293
1109376
22387366
2162130
2435054
2965592
2979838
22303035
22284149
2768164
19055352
3159252
2895358
3227696
2834515
2240909
2250831
3218303
2416415
1537106
22400751
2546560
658173
1386372
22273870
2524629
12931833
20533182
2279004
3015823
2924960
2506944
2690812
2818772
2698797
23373815
1025914
3060017
2824006
2644831
23403357
2218087
2432926
827489
2946547
3206801
2694820
20714479
3051599
2509984
768682
3072384
2571783
22265568
2987360
3153111
3236811
3024612
23171041
23402101
2611285
2857755
22448002
2764073
3207510
2531303
3114385
2551887
2915454
3036379
22324241
23556968
2880010
2386015
23531169
2995194
23368275
22251626
2783379
2844771
1959777
3234349
2459655
3238503
2784269
2693402
22224862
2691132
2762142
2160189
2716840
3004739
22307138
2537965
1825300
22258967
2585995
2488615
3063094
2633719
2238985
18933556
2431514
103865
22305448
759361
2893194
2775522
3056917
22274283
3059544
1128591
2727640
2435469
3233008
3241247
2878232
2136796
22316025
22300767
2566127
22263130
3127355
209176
2079574
2563965
22338600
2628811
3053183
2456396
2980302
2748709
3229589
2817620
2305368
1785758
1960291
22400297
22317693
2659773
3217029
1911051
22251648
22438311
2120043
157325
22364103
2685270
1005776
2224426
23418636
373178
1264002
22248177
2725164
1381830
2927727
22268423
110925
1369535
3086916
2773265
22413953
2740706
2514363
2210760
1003947
422749
2673357
3072808
2273878
23405660
3166960
2250810
2874568
22396825
23372013
3057191
2188287
2074578
23394461
1696112
22372987
2388485
1068990
23308393
2623550
23383886
2857023
2621976
2791566
2511025
2983906
23364651
3241160
22291808
2511733
3142378
22369652
3027295
676941
22403989
628756
2258606
2892001
1818831
2122162
3061060
2671923
22308530
3003650
23438397
2707205
623283
2554902
306791
2561746
2532804
2501773
2873890
22268780
23189432
23401290
23440774
2996958
2494913
2975349
23357453
20779288
2853341
3106644
490117
2650830
2329234
22254106
2572025
1882613
2558582
22335269
3106743
2384584
121
22429828
2392068
1552224
202825
22277546
2341989
2113382
19044346
23030285
2601009
2434657
22419671
22289116
2137826
3063472
935965
22252059
2612242
3093337
22254673
2265350
3002896
1612596
2753796
22344590
2912428
541237
2184735
2592329
2952100
23295941
2734730
22146312
122522
23407157
23353860
2673189
22217917
2272734
1668726
2521883
303188
3127935
22285352
2667274
2363839
3043857
7281313
22349650
3066603
22303046
3134083
2229122
1224172
2892254
22267672
23373660
1768584
2861977
2301149
1686011
3222855
489249
22398900
2934629
2854179
3078027
282953
23397824
445496
2921019
2563615
22290778
3157911
3236538
105538
2788893
591432
15952109
2444787
3228067
2442120
3135561
3070257
23593614
3229919
16063600
2460412
1656543
2621831
2717537
1705117
3021797
2662303
22279242
7206527
2717246
2557753
22277465
2823230
3041880
2076830
23177925
2936537
22314533
3038591
22251760
873683
3160038
463015
2576821
2763670
851206
22362226
2854401
3201655
2382941
2895723
2701693
22254215
22320070
22251423
15916887
2625217
22258262
2225778
22345511
2880238
230384
23533443
2969319
2989601
812020
2574106
23190773
2861037
375109
3186756
2630154
2788579
800423
22413458
3167956
973041
2763819
220765
3093412
2231508
22398984
23356167
2731720
2759264
2497545
113230
22375565
234718
1342764
3220358
2946229
22348417
23360843
2950389
2529485
3106397
2954449
3189084
2647082
2779275
2852282
23184002
2772910
3081104
1880985
2661560
3006307
23464113
23439303
2636951
22385695
22312336
1426366
22217054
22309370
1855444
22343451
2426536
3008304
2878634
2460232
22273646
1690765
781018
2420590
3034614
792934
22336256
22291634
22225538
2450725
411809
23452122
2126887
2838565
3173570
145883
163172
1061051
22285325
2963892
2901696
3141775
3071559
2531261
3212888
1696088
3177215
3035351
2603469
2357688
2495845
212017
2115319
2538315
3064558
110149
22243775
2912067
22263882
22396675
2719854
3203818
2830979
2515002
2142861
2526564
2646943
2412807
2871963
22437303
290812
3237995
2239308
2194474
2860104
22418280
2111773
2585696
2613217
2086761
2573801
2604693
2570242
2743495
22446390
2619733
23604926
3156464
169825
2660533
1408733
3168082
3050439
2609994
2871709
3168830
2300548
22414348
2938996
2557996
2614612
22302307
2870483
22271877
3013267
3178093
20824938
23175570
3042333
1911615
3219262
2937977
1812562
23572259
2676088
1049564
3079073
2320231
3240997
23450082
2560906
2506591
2639504
3029201
2817455
603444
2609506
2857876
23404207
2903963
1171691
2112738
22276546
2454574
2648090
3039678
16064394
23373336
2904335
2729631
23448999
1015140
2432500
2668540
2419212
23361925
922742
2461838
1884355
2727395
2422213
22257899
3034897
22329995
23568593
3047360
2091966
22251410
2137782
22279145
22353551
2961514
1804420
1111526
2888180
23356006
2877568
2284526
227498
1109129
21724819
22314342
2748793
2421419
2517781
478679
22320816
972224
12791639
3022187
3038733
3204432
2080724
3047789
2591412
2648886
539421
22428521
2889901
399187
1660385
1966005
22304230
1466460
23310051
1880634
3236978
2647419
23238272
2162594
2385575
2845034
22365199
695485
22322035
3155772
8625696
23280511
246281
1663719
2718292
2076411
22375757
1865641
2301048
2631208
781383
2918961
3107121
2609189
2624808
1463422
1866273
2157285
2616251
15976800
23359194
3193661
1743370
22363346
2709838
2760170
2134776
22302523
2849117
2385260
2764952
23513071
3138637
227573
22252342
487076
670432
2930054
1911183
22305374
2570852
2988151
307672
3054853
2446887
22346551
2847864
1112172
3205364
2995837
2627614
3035980
2720193
440593
3094478
2113093
23421307
3133270
2114466
23412916
23521928
1455061
259941
22274740
348854
2093059
3053323
23442747
2150092
22427453
3038074
811090
22269198
23194314
2691068
23513811
2684543
2200943
2122361
23136335
2630711
23371033
23447580
20065527
2520826
3183857
187831
3107572
3105918
22218624
2935784
1081176
649658
3204397
2564103
2922349
2385083
259069
22340301
2601214
22317393
3144431
23397956
2527659
629215
3238942
2606675
1816801
2460824
22360225
2515208
2643188
22252765
23441104
3041603
1665620
2210355
23539736
3192597
3109242
2073298
145255
22254813
2862040
2494252
542780
22252359
22425686
2424167
1695957
2874419
3177687
2583325
2288909
3040511
22290718
2584212
984502
1779611
2388962
255502
2762096
22307409
2983659
2585477
3159218
22252912
2850728
3162676
22256915
3115023
2770998
23489709
2501195
3173259
22418319
22338985
435427
3018895
2556395
2603020
2693235
23373222
1642668
22302474
2839784
2938476
23438230
23431033
735183
22442571
1473702
3157549
1014221
3187687
22347279
1836653
2094144
3094983
22251737
22362769
1590025
22318020
2278923
3189424
2075947
1800861
22361965
23450972
3210575
2654400
2696133
3238213
2075000
18988936
2560076
667249
2219666
2919875
23414692
2979737
2643533
2546632
22360831
1957494
2365402
2147356
170033
3006736
22309771
2916716
1363309
2923167
3038189
2989931
4246698
3205112
22380378
2639866
2850666
2592797
2910007
2995252
3008890
2452683
22311004
23595539
2876554
2782746
22317565
2862991
2692535
3001056
2824926
2575314
22318343
2593135
22255299
2489914
2123653
3033106
642081
3217859
2642524
22398877
3202777
1546160
289614
1481457
2526407
22274718
22395505
22268747
2673749
255252
15902552
1386886
22447098
2963357
2206146
20842254
546865
2542633
2493079
663182
23435030
2262514
409223
2805641
2749486
1960519
821768
2181648
1591778
2497986
2570452
3202219
22440800
22253208
2877961
2922152
755534
299895
22406739
2950325
804706
2412752
3022809
22217808
23394791
2655149
3232828
717377
2066063
2966525
2999989
23437875
1692535
2916598
2416521
3123406
2465753
23603755
2594960
8683148
15947869
2335806
23371261
19943611
2605928
22418223
3025401
1788975
1301420
22278304
3043640
2704991
3189741
3046812
2513143
22359829
22328383
2856776
2720093
1072469
23452406
2384979
2527544
2852210
3104542
3230931
22313271
238596
2712380
2595801
2514960
2180851
3207749
2097749
495319
2813011
3045844
2096443
2899810
2209582
1640793
144695
3210288
2540387
22269444
1703624
22301596
2589991
2526538
115469
23396363
2609704
2355016
2934151
2854420
2593890
1957001
22422888
254342
22251597
1614033
2389132
2718661
1860121
3184057
1527728
2649441
2492705
2122987
2935767
2830636
2443093
2880539
15940521
1856252
2521086
2970583
138426
2491079
2671709
2202034
2554886
23363308
2390804
2564379
3160765
22309704
2601428
22339094
229480
2503989
22287297
3042553
2560465
2134382
3111166
2120831
1528587
803144
3160555
458759
23362676
23599792
2567838
3182512
2074813
2653390
23183633
3189570
237354
2706901
20689021
3032634
23366266
22363709
2797113
1689489
1530856
2638985
23410276
1236610
2952636
20046978
2626869
2970144
2927157
1854172
23393907
2384380
2229482
837644
2761644
1743942
22264451
2872122
22355743
22254416
963965
22266565
3191002
22348113
22330088
2729601
1407819
2548899
2889746
23607844
2532687
2418508
2199261
1367648
22375028
22316792
1791629
2590863
2975290
2447986
15950171
2916840
22286398
1031434
2533166
2969508
232523
243853
2630551
462344
2582138
2790324
2720180
1790793
2917006
2538225
18806113
3238598
23354592
2943744
23336543
23371421
1326948
2746842
2741804
2732552
2864520
20611026
128878
22290499
2795261
2994009
3014821
2929729
2538958
3034218
1878211
2968067
3160122
23370284
2076050
2188404
2652526
2153839
23370986
3085243
2500917
22366795
2449061
2595335
2586928
20693429
2829276
3235880
2286872
22253319
2573575
1075066
22252926
2082549
1440945
2635636
2876869
22317900
2558184
494295
2348951
3076853
23197296
2115832
2153829
2622477
1593475
2668994
2658841
2968378
3099939
2943520
3081746
2581572
22265148
15939804
3205536
22253595
22252746
3206380
2347710
22332165
3084559
481493
2566743
22005066
2855495
22440600
1942011
2149316
22336663
23370452
9903008
2962293
582618
2777666
877003
2852866
23403612
23532529
22350355
2951983
2500263
2742030
2981692
2556654
3034876
107279
2362675
3197842
1961476
2414784
15251602
2961742
22356046
2941656
22372861
3156902
3241298
23431662
3063434
20779300
2220850
2864476
2536698
22422441
773332
2384516
22252858
1109484
2272685
3099659
22269631
962639
3103269
877229
2557211
21007134
2802064
1480022
22255247
2258762
23175374
2460765
1647198
2124160
3104427
3001163
3041911
22302889
796603
3203281
1372533
2537848
23367136
2626193
22315850
3057567
2114731
2274617
22272098
1403068
2279401
19200816
2720047
2525536
23490795
3203376
2417346
22424208
2141100
2535372
2760436
2231100
2119897
23374234
2092976
22322895
2336288
3036049
22252237
23490855
3101974
22438877
1755118
1939766
2907487
754853
22348075
3223352
2142797
22281531
22398007
2545286
2515498
2539639
747879
2963200
118668
23591997
2077964
2234352
2718941
2608373
936103
1464829
3007063
2678010
652701
22267784
2719544
23351759
2115510
22427298
3018487
19033671
2417978
3115770
3039361
22311701
2151588
3240843
2743613
2549699
2283419
22263111
23303263
22440934
2896907
2774565
3205580
2660377
2506170
269526
1413823
22383884
22274970
2215267
116483
22324616
2435773
735647
2512061
1468534
22255984
2741281
22258483
2580733
2486310
2146601
3004052
3220661
3161038
2851089
1251744
2133482
3222087
2724857
3087883
22288566
22173572
22317373
105555
1705203
2921962
134795
2465880
1067159
22254138
709608
1022661
2502650
1864454
1593797
283660
3094809
3211802
2092513
2444010
2785982
2532502
2970985
2890063
1701228
2751437
2608858
4520666
2865479
2442182
2230774
2584173
2157070
2745281
23193806
2309561
2849433
23416205
19534072
3142214
2322419
3045018
2114998
23467438
2576313
2530500
2086889
3170681
2619055
22251755
2450345
1025720
22217422
15935375
3134857
23346209
22422944
3055940
2814443
2114766
22303073
3008577
2697207
303363
2632818
1805790
22276278
22356195
1911688
2551809
23541226
23357492
1633499
2588436
3000164
23333188
22325283
2458287
3024629
709951
1009557
2522385
2829487
2349982
2508021
3086121
2732018
3144871
2870607
2911883
1375180
2534451
2273294
13285890
3102002
22322724
1248965
3219043
23447274
512973
2864451
2967377
2229785
2566799
710280
2608719
21621658
2711182
2321259
1696377
2823434
1449463
2218445
3106914
3183454
2799202
23369600
2823853
2297179
22254457
2877063
835645
2599504
3109045
3219843
2335461
2844189
506518
2642464
2690861
3131282
22346422
146068
2384663
3135052
22351726
3044281
2526285
2804574
2459075
22252502
2963192
2442944
1282929
2667556
23426598
22252825
1699714
3101714
2591038
2996883
23187082
3220120
2858162
2872260
22266363
2110068
23411775
22233956
1747024
1689042
2854941
1804242
23424128
1839498
23357622
22214206
2849649
2205641
2561977
966031
9814105
23403838
2513754
3161919
2538591
2525589
22260271
22278764
22260445
2073026
22411156
2631837
22377290
2614133
2116806
1272246
2581991
2120174
3017219
1047443
1787051
2385125
2610044
22384741
103355
2505346
3226275
2224355
22329230
2858537
22321322
2513577
2291288
428897
107702
2650474
3183064
2809558
2331878
1061668
2201143
3202760
21967950
23445706
23372800
3241004
1483820
2893170
1832872
2828978
675985
2950069
206379
3073085
2746484
2513389
2752478
2956796
2576307
908471
3000570
364649
23373162
1656975
2134302
2264832
2584144
23394626
2914540
3160258
22372128
2666333
2859526
2617632
2388706
23266152
212872
15950919
789886
2391131
22359432
23374553
3026497
173064
2669756
22316204
2621574
3026230
3106296
2989443
23411739
2510412
23076387
22403899
3161391
1355506
3167031
2445016
3065581
2694695
15946427
22261895
210539
15954271
22269574
3021706
2495339
999711
23363829
22311599
2076959
2065763
1772672
2132958
22365459
23371900
2990399
3193333
1786872
3169935
22312707
22361945
22217344
2669045
1284224
3221343
2572822
2665040
3034484
2450110
3208730
1046809
1342616
23395592
1431565
144572
2775296
22339196
2456596
23429791
3241399
2973741
2637257
2712852
3038450
22444665
2639433
2150463
22260479
2357517
3090063
3159056
22273813
23167727
1859978
2560485
2210338
22280816
1313386
2997670
22264725
115958
23373769
2862565
1857233
647359
443384
2294452
2997168
22347707
2223827
864124
2391495
23367577
2379374
22368315
1715096
1272887
1863866
22278117
2088593
2771877
3230453
2593100
12868697
283608
2450095
12944674
2544792
2524132
2999866
2088367
2683179
23412656
3132067
257642
3112038
129744
22278205
22254998
2605430
1844487
3083293
988866
23183808
2523406
2602025
3128952
22418211
2311902
2950158
2447967
2203802
2983571
23597289
2509482
2261653
121568
2877662
826040
965949
2855028
22270745
3066788
22254597
2130835
2518619
3194124
23412178
306690
2487475
3022977
22333581
2678255
2993506
1846476
3155716
306743
22317640
23369496
1248956
394013
2573498
2179737
3102571
2988874
1281744
22386193
22200353
3105412
2176495
22376024
1331549
2998178
986536
1388096
2710179
1808203
22267285
1956409
3118590
2729799
1395686
1962918
2489867
2206642
773655
2903274
2510568
2792141
2966603
22319778
1219746
22327767
2076846
2856598
2568114
2700201
120826
3040331
22273728
2674921
2611779
1059985
23485169
23412901
2433581
2500447
2825152
2363204
3189769
2385852
2496336
2509823
2653678
22280530
1684944
2970909
3054694
2845853
2907101
23280863
2219187
1832564
23449956
23184699
576204
3166536
3229326
3069846
23563639
1582939
2300326
3053450
22251888
2967573
2465908
2632682
3241127
22267609
23445497
2836386
2070971
2670107
2958135
1295527
2947612
2285399
3121036
3044953
22430517
22367608
2417048
22254989
23367171
641148
679969
23367040
22274260
2862116
3029668
23397394
111744
23372561
2683838
3238399
3114591
937715
605882
2085888
789014
2176474
3039349
3010791
1085323
22272855
3144541
22330756
2412436
2492618
23584815
2993140
2839593
2091901
23072514
2158473
2214597
2847471
22271938
2526906
23179575
2806850
3055285
1261092
2611186
2873185
2930041
491878
23371180
2685867
2952764
22255401
3160568
2723317
2077047
3109490
3086562
23330351
2924287
2831580
23567642
1752001
333200
22349846
1109072
2554984
813481
2628142
2569282
23164739
2289741
21719437
2560656
2900814
23442186
22256010
3228805
1696624
2420834
1469476
1015429
3154160
22328869
2385428
21856744
22405168
1863464
3079525
3181642
2333354
23453289
12547194
2958872
2910601
1786155
23591333
2491274
3158983
23100123
2313751
22330434
22272434
3218877
136678
2487682
22388477
2713671
103312
782337
310640
2919562
3185506
1409325
2919421
1649161
2845766
2609144
1467710
1544335
261058
895398
22367863
2794274
22359016
3048919
3239438
2884657
3052548
177666
2178424
2639169
1720640
936996
2434537
2358435
18995645
22253661
23159176
23371875
2218330
593089
772458
2616532
2645232
3202978
2877794
359773
2453829
23356585
698808
3037324
2585186
3098898
2733184
23419392
362018
2441784
2935126
22213736
975783
22148487
2425304
2886676
2816767
13487576
3161100
2500042
22145328
23428562
2446344
2094974
3001185
2115350
106155
3108406
22322193
1912126
2694197
23599425
2422244
1587261
733867
1832341
1640831
3033238
22311499
22310290
23253307
22270774
3224259
162698
3153299
23374408
22359135
2925431
213500
2283268
22274806
23372529
2911320
3171026
2141127
23364639
22325414
22447184
22379145
3036540
2192637
1748770
2957833
3103733
23193360
3100438
2852297
2520134
22253140
478996
2495552
23371452
16670950
3236762
23572299
22251384
2455593
2936932
2822428
3024514
190018
2635136
2832670
2497595
3107276
3157711
22276878
2073124
2560454
3072099
22385964
2879652
3038314
22310163
2860629
23409990
2619746
3240018
2558637
1872374
2890316
22374478
23342878
3141680
1348710
3241025
1751733
22413635
2728857
2672329
2263457
22316490
2586715
3217220
3159756
3204419
801300
2009713
105188
718505
1446567
2190793
22287792
2313984
2849376
2748674
2790923
22336841
255572
128483
143182
23349042
2449945
2633652
2772493
2464297
2843346
2535392
3239838
2546519
21691420
2593739
2296071
2943390
509599
3028742
2067958
119674
2511636
22254712
2894473
697147
3094245
23472384
2159908
2724308
3054803
15941320
1423358
23433857
839413
2142200
2354711
22331352
23464836
2785937
102130
2929964
506308
137014
3105531
3061306
1540508
4358731
2500688
22393514
23174350
23366845
2345854
2456867
2946613
22312431
863277
345155
2540650
2869109
2898379
2867409
115943
2486641
3103506
619814
22204136
127908
22352757
23375315
1911724
1861964
1827943
1039315
3035189
22303493
108390
2562595
1292855
23573347
2904893
2840049
2843319
2795851
3227574
2444714
3238732
3108083
2680627
15948022
2551290
2807804
976025
1371449
23411292
460909
854197
22254272
23375972
2282700
3087279
15948001
2985273
22274622
2260943
2152128
2932944
22272569
2637119
2633403
106519
23408834
22250495
23489966
353309
2924516
1063978
964395
2876407
3139153
1849489
625720
22441313
13153662
2593330
22300673
295135
2969206
23404103
2634716
2193901
3041078
21245810
23396562
2418438
784186
2456407
2886041
3094229
663095
124103
2512722
3239770
2636001
22445075
3116135
15935628
3108928
2531459
22252868
2930339
265068
2557085
2242994
1042504
22277493
1375222
2267694
2820692
3067178
3164559
2861618
3109581
23137564
2959112
22271597
2590582
1328138
22256370
3175133
2527351
844270
382988
23362379
2419591
2949114
22328958
251624
3177444
120
2606122
1684721
2780925
2951518
2247273
23356520
2579574
22320432
2891790
23592225
22362288
23186110
961581
23304956
2842666
229238
3111265
22255976
2611625
3080790
2768596
2796920
2574947
23526862
2508286
2566787
23608910
3238850
2674385
2655653
22426315
22288898
2303692
2537656
22393200
607457
2288206
2567236
2835878
2513072
1550457
2117978
2332236
2642684
2586444
617084
2187014
2733080
23302602
1089643
22369266
1779705
22383156
3241013
2388646
2656724
2572705
2574042
2787860
23094309
23372380
2901591
3184700
2545866
22257244
22252651
18498889
2595874
2963709
2076454
1830157
1871060
2842191
2115389
624232
3028237
23443618
3036325
3042356
743109
2258750
2097559
2494445
2981112
23125875
2541933
8798955
2649032
2940193
22285997
3161660
23569682
3163400
3034113
137833
3005306
22360278
378453
2489650
22258329
2776176
2993930
3237739
2715052
2900398
3074956
2029971
22356875
18934257
2953610
2640274
3201580
3241301
22269720
2242525
2424581
3019719
1538508
23608548
1686659
3159911
2989984
3241235
22365204
2072506
2463521
434744
1753318
3228188
2418478
2365014
23357698
1462390
297503
795269
22254260
3034066
2878483
23374025
2499503
23372976
22248652
22251965
3204118
2600406
2149766
2612212
2994787
2852499
3096163
105072
22301422
3106200
3023950
2641026
22384874
2878346
23227500
3098084
3069745
2662463
22190948
23372087
2549021
1714183
3241042
2619369
22447339
1780361
2422922
22380669
3035718
2416241
23357665
2057841
2491304
1458091
2590244
3139085
998801
3037395
22323098
2997297
1358347
2760956
125420
22341116
1708329
2734361
2622368
23356312
2580920
2504776
2425294
2610334
542994
2527929
23487587
2729129
22314578
692936
2714549
1339926
2969725
3105616
1110001
2983053
22256051
2784524
2818166
3203023
23251011
2882376
23255498
2960245
22405417
2880921
3168620
2592579
2935900
20519832
23486201
115252
404879
2281133
3123346
3107610
2985507
2123552
1354068
3233251
23369435
2980973
22238017
2242008
2334569
2384422
2680818
2960894
23442647
23396148
3073245
3913867
2615855
22368433
23402701
3176039
1798214
2516412
1820825
3070417
22312311
2463767
2953745
2528328
22326161
803075
1946544
2298281
3164108
2644886
2881924
3096235
3239180
2870401
22155154
2960673
3187963
2943598
2380477
23420045
2956512
1859559
22292213
2817322
3196528
23551526
22316386
1063410
3176309
2209281
2707692
23418899
22312828
22252527
2876472
2918611
2961657
142859
3095828
3117830
1547362
2118723
22401030
2845230
2980453
3162845
23597967
1877431
1403535
2962853
22253406
23445489
2752760
2530731
2424094
2465934
3220346
2856765
23272270
3157727
1603118
3134921
22383274
3001200
23512921
22283389
2552178
2551924
2955024
1823681
867625
3240852
23181035
2098666
3087718
1263260
2571339
23608117
22281286
2592776
2957589
21557237
3090141
2340152
23511531
23140308
2527969
2919295
15902935
3076077
2210299
2684265
2878439
2518046
291787
2848727
2262980
22204101
2125479
2564648
3141836
22273929
2561586
2127920
1718133
23449076
23468261
2384606
2116108
2534034
3108105
2579364
2903136
23545496
23356752
22264011
3051149
3043630
2411933
2701553
23373775
2258446
1782614
3029000
1095136
2573106
3141442
217505
23373638
1871294
2443051
2866646
2845862
23361547
2450007
22375376
2944032
22445320
2444415
2599710
2846380
1751034
2088278
3008744
3241139
2757084
2354024
22312605
22259190
23400773
2571401
2301006
2983603
2812739
1591063
23070021
22254409
1792374
23537104
2993877
2176159
2926517
2412486
746199
3032645
22277255
2559286
22444433
2417645
131688
22412476
3191734
22251833
1666584
119903
2175253
1291865
22381398
2552243
22310151
3227783
438184
2937843
2158438
2691485
2558302
22423142
1262604
2964455
22256031
22434266
2150340
3203939
2571115
22251360
3035772
3214120
2576962
23509118
2619924
1637298
3039742
425225
762185
2358697
23299057
2799287
2551846
3024421
22257356
3036550
2558439
23394455
2732458
23374947
22253020
2713897
2453794
3022630
1007604
2598890
2645323
2349211
3219804
22304863
2636528
3148679
2781142
1757865
2918043
23368503
3025759
2635149
3131071
22425834
23372492
23396705
2496099
23374625
2425649
3105016
1571284
2501088
3232600
23410330
2732312
3232598
2085127
2541929
3117180
2287331
22302566
3127533
2082111
1681122
3105547
2843308
1799137
3206193
3241365
2597802
13335393
2541070
2874314
3026018
22315709
3103347
597679
2419094
3220333
2905030
2423897
22396472
3016568
2601054
2161434
22251796
2076526
23359917
3071983
22423078
1849900
3060105
2084757
3106301
22368209
23540664
2133229
2426257
3233374
2938980
2624185
1712440
2701018
23561559
3068892
1608174
2661462
3238025
2784669
22302039
3103755
2589847
22369372
20492947
3078380
493514
1706718
3034263
1093977
22316078
3050644
2585729
2608808
3151423
338706
699713
1016926
1012646
2421547
3230182
3239261
2797058
22314712
2880350
2122227
2828867
22305980
2230753
2809490
22316933
2361770
2219206
23597906
2287678
23168313
3000530
22303338
22252987
2773179
2638990
2958430
2307203
1286240
22404709
2928465
2653026
2312357
21623237
219143
826153
2608935
23446925
23365358
2793275
23363977
2536461
2711034
3123841
23403414
1190284
2602491
22407677
1846979
22255660
22361643
1413955
3160085
2516159
205981
23393935
1478154
2986314
2540056
3160541
22312510
1785337
2567199
22307396
3160489
22257772
23551474
2983448
1482091
22355990
3097392
2568121
2695276
352795
106953
3175016
22251283
1284026
2844884
299914
22276869
2119278
2253409
23486697
2551070
2425582
2223944
3012872
3075411
2585315
17478024
23359151
22300327
1330472
2728902
1650598
2872449
23394414
2121663
2831862
23071782
2538494
1977922
23397970
2856003
2451093
3040222
689113
2187662
590889
2693846
765794
3108969
2582941
3241321
1717310
22388738
22259417
23465089
3168441
3107705
2928687
2846284
3227885
2977662
22278749
2311430
3229145
2540344
988243
1015568
2448718
22279438
3237690
103072
3048257
2824990
22417969
3158890
22252388
229144
2184803
2726733
559174
2430629
2827967
22345394
1790869
23399549
3160052
1885549
3115086
22433883
23445573
1060392
22277284
2426263
2308145
2499808
22317790
857505
23532350
1114424
2190455
1206367
2653357
2453487
23375707
19041400
2495044
2895007
22268823
1764696
23396677
22262380
2442061
2083326
1688705
1861095
2845776
2497271
2884043
22332348
3109407
3160409
2634808
2856984
2716510
23375805
2979344
3118101
3158762
22231166
23608095
2702562
23401254
2449831
2572577
23367276
1698573
20159454
9222153
2530038
2274436
3026347
546648
1358572
19044209
2042437
1426973
2555935
3109026
991191
23478076
2755667
22252613
2549790
15933870
2211164
681753
2776019
2565923
3131066
2119503
2161948
1799726
2382939
5542692
2846221
6987140
2968639
2086173
492629
2539376
3106509
22290330
22261242
2557964
2111630
15944334
2585102
2030307
2117953
1693201
1282690
23395396
21898698
23371597
889333
22444301
23610795
3078825
487103
2538088
2353336
22010664
2731574
2957570
2558792
2429461
3238469
106094
2413403
2754118
23403092
2629227
22318981
2922392
3106849
1854304
3096986
22397519
2305819
21219306
3189334
3162540
21669494
22265014
2973018
2694475
3044800
2136350
1935881
2348473
2073086
3009092
3190657
22264655
102613
3039642
15941283
2860344
23373322
2511694
2701046
256073
23373426
3148316
22416113
22281477
2505104
3160849
2793213
3241200
3240321
2883589
782001
2118442
3161027
22196913
22256845
394393
1331488
22262758
3113151
2640189
3012037
2623078
3091455
22262063
2576172
3204926
22279028
3221361
2803668
2286485
2863217
23369272
133806
3157964
3106316
2594787
2414722
23531536
2334905
2599167
23072220
3025068
23551490
22789610
2881599
2851313
2992896
2966558
2502885
398698
23577079
2606784
22410602
15895081
2668340
3107409
2891388
2600827
842745
1377329
23121787
2991632
2702613
3237128
2548859
22310176
22301360
2617985
1392508
2458698
2563697
22255646
2549133
492708
2615811
2871090
2729738
1862279
1260105
858664
23454671
22350881
3158314
576961
22340822
2348062
22267203
2930824
2731718
364787
3209169
23416543
23440869
3026390
2727089
685461
23415799
15937453
1868507
972496
2546671
1704217
478343
727217
3155918
1692940
2902227
2571069
23433436
3016479
2501726
21525012
2866087
1754297
22278437
2842641
23363756
15938623
2651763
2693071
2316739
3028009
2613496
2968810
2848859
23373903
2937967
2252558
23247861
2984302
21587888
1833792
3076162
3135136
2747432
251984
6644913
2763742
22252716
3151906
2571429
2445023
3214810
749185
22395083
1754357
21972355
3120244
2928812
1838566
23398902
23440121
22428053
2822703
304218
22255052
1656935
656290
2126573
2716439
3090422
2673993
2711782
1109057
847545
2519079
22330325
2767393
2581800
1223602
22272039
2714928
3166881
2559704
22274305
2507353
2974401
126049
2687997
2177949
2995612
2686974
23358012
3089162
3214201
22253162
2391937
22438809
188910
3026125
3048521
1748684
22273790
120195
1839426
1793012
22269997
2933182
22382420
2214001
2197912
2244128
1866674
22290144
3160297
2237942
23465304
2923179
3003188
2069781
22909424
2220255
2564737
2648586
liz.hogan@shift4.com
23485767
2546215
2536277
2958523
3152586
173456
15902283
20632137
2639300
3103939
2680499
2893189
2650405
23510263
946832
1688929
3067301
22334281
413329
3105825
2553866
2494950
2287756
127448
2966375
1769605
22251635
22432685
2997875
2097883
3222233
23434838
1831368
2778958
23425025
22306162
2177569
3185435
2989377
2953881
2839377
23363465
199235
2090942
2713236
21987584
2126315
429101
15902111
2621166
22347795
22266352
2628546
2142930
3218716
2113080
23376206
1790751
23173796
22302547
908765
2567155
2765525
2849836
22288048
2824128
22276009
3137073
621310
2535510
3073804
23373184
2614156
2552943
2626003
22255577
2391609
2292008
2384564
3118838
2982840
2864732
146417
816508
507883
1251583
22281225
2930273
2094778
2548156
2986360
2629939
22256418
2760634
2074075
2906143
1342796
22392937
1688846
6729323
22317452
3160700
2791217
23533074
605792
289729
23492399
2634045
3045976
2506835
1282909
2550977
2692896
677960
3019841
2932348
3014314
3209640
2869961
22264392
2235884
2998902
22354607
3038895
2316438
1837137
20742316
835776
3135804
22416439
2226005
23394026
