111374
111377
111386
111421
111425
111462
111470
111477
111485
111487
111494
111495
111497
111506
111508
111586
111603
111616
111637
111696
111701
111704
111732
111736
111771
111803
111834
111842
111853
111860
111930
111933
111956
111960
111983
111985
112003
112009
112011
112080
112096
112099
112107
112133
112172
112174
112180
112188
112204
112205
112206
112211
112213
112218
112262
112265
112290
112300
112308
112310
112321
112329
112334
112338
112351
112385
112391
112444
112453
112468
112501
112526
112552
112555
112565
112574
112581
112583
112584
112622
112648
112656
112659
112660
112667
112668
112715
112717
112727
112738
112751
112780
112808
112820
112831
112834
112843
112870
112890
112891
112915
112922
112924
112942
112947
112952
112970
112977
112992
113002
113013
113023
113028
113029
113031
113040
113066
113075
113166
113173
113174
113178
113217
113239
113298
113308
113358
113371
113372
113434
113442
113467
113506
113521
113573
113600
113602
113617
113626
113640
113644
113646
113657
113674
113721
113740
113742
113755
113763
113802
113866
113919
113925
113932
113955
113979
113986
114013
114023
114029
114048
114064
114077
114094
114113
114231
114241
114242
114260
114271
114295
114304
114310
114321
114340
114611
114835
115147
115329
115469
115659
117610
118004
118136
118191
118257
118763
119123
119164
119750
119768
120055
120394
120584
120733
120790
121749
121897
121905
121921
122432
122473
122549
122838
123117
123190
123240
123414
123448
123471
123992
124115
124156
124222
124511
124818
125104
125500
126102
126631
126979
127019
127118
127159
127308
127464
127506
127605
127662
127746
127803
127811
127852
128462
128546
128843
128876
128983
129726
129817
129825
130146
130203
130310
130419
130427
130948
131292
131326
131433
131730
131953
132548
132654
132670
132779
132803
132928
133181
133488
133546
133595
133603
133827
134262
107948
107955
107976
107982
107983
107996
108000
108001
108057
108062
108066
108073
108083
108087
108093
108101
108102
108140
108152
108157
108197
108220
108229
108234
108235
108266
108267
108299
108301
108308
108311
108330
108331
108332
108336
108362
108388
108395
108402
108404
108410
108458
108505
108694
108698
108738
108750
108771
108783
108803
108814
108827
108833
108842
108848
108867
108870
108877
108900
108903
108913
108955
108983
109010
109097
109120
109146
109253
109336
109357
109359
109397
109400
109406
109413
109419
109434
109452
109474
109483
109526
109543
109549
109570
109588
109589
109671
109678
109686
109690
109700
109716
109745
109757
109780
109781
109797
109858
109880
109905
109921
109928
109937
109953
109956
110019
110028
110093
110107
110138
110170
110187
110195
110201
110202
110221
110223
110228
110236
110260
110335
110362
110371
110379
110387
110437
110461
110464
110482
110485
110519
110532
110536
110549
110577
110593
110595
110598
110648
110654
110674
110687
110703
110746
164426
164434
164442
164459
164707
164970
164988
165019
165134
165340
165373
165415
165449
165829
165902
165910
166082
166272
166280
166322
166793
167023
167288
167346
167460
167478
167809
168013
168120
168492
168880
169151
169169
169185
169417
169680
171389
172254
173286
176669
176974
178251
178467
182519
183111
183962
184010
186213
187187
188110
188284
188995
189001
189209
189241
189324
189365
189860
190041
190272
190512
190710
190744
191437
191791
191957
192146
192344
193052
193102
193144
193250
193359
193532
193581
193854
193995
194084
194282
194811
195537
195628
197699
197962
199414
199539
199588
199745
199752
200006
200204
200386
200931
201384
201509
201541
201566
202705
202846
202903
202929
204743
205849
206573
207456
208462
208611
208967
209031
209403
209619
209627
209676
210039
210096
210302
210328
210393
210898
211201
211607
211904
211979
212563
212605
213256
213363
213751
213959
214395
214494
214692
214726
214759
215004
215848
216168
216325
216341
216655
216697
218149
218537
218636
219113
219360
219568
219899
219980
219998
220103
220582
221150
221176
221200
221341
221416
221747
221762
221812
221879
222141
222752
222778
222893
223297
223370
223412
223461
224006
224279
224295
224832
225011
225201
225532
225573
225649
225771
225813
225979
226431
226910
227249
227314
227603
227843
228783
228817
229195
229815
230045
230557
231290
231902
232116
233072
233593
233783
234906
235234
235317
237875
238386
238865
238980
239798
240010
240200
240432
240457
241331
241364
243469
244194
244780
245142
246488
247130
248690
249243
249250
249797
250001
250159
250381
251397
251504
251694
252122
253633
254110
256438
256495
257455
257500
257592
258111
258392
259288
260612
260711
260729
261244
261404
262352
262899
263426
266133
266882
267699
268045
268155
268233
268573
269466
269944
270611
271791
272122
272443
272575
273066
273284
273938
274175
274209
281857
282392
283028
283366
284422
284489
284703
297994
298377
298844
299008
299016
299133
299222
299355
299669
300426
300517
300905
301051
301499
134353
134411
134452
134486
134684
135111
135558
135624
136291
136549
136762
136929
136937
137364
137422
137885
138008
138024
138081
138248
138552
138677
138826
139204
139477
139485
140004
140160
141101
141242
141283
141549
141622
142232
142257
142448
142547
142562
142588
142604
142760
142851
142992
143057
143214
143453
143701
143792
143891
144048
144386
144444
144501
144576
144626
144790
144907
145086
145524
145862
145987
146118
146175
146373
146464
146738
147819
148320
148866
149153
149294
149468
149989
150243
150318
150326
150581
151167
151191
151761
152306
152637
152835
153031
153106
153429
153528
153544
153577
153767
153965
154070
154104
154245
154260
154393
154658
154674
154708
154716
154732
154773
154864
154906
154955
155499
155507
155721
155762
155770
155838
155903
156034
156182
156398
156661
157438
157560
157990
158196
158378
158410
158725
158931
158949
158980
159178
159194
159681
159731
159962
160135
160259
160309
160465
160556
160655
160770
160838
160978
161075
161083
161133
161273
161307
161323
162537
162552
162586
162701
162883
163006
163402
163436
163519
163733
163782
163816
163956
164046
866774
866794
866921
867243
867868
867919
868799
871057
871137
871479
872014
873104
873457
875001
875651
877622
878145
878220
878656
879744
880507
882375
884356
885612
885762
886675
887871
888129
888265
888393
888510
888734
889731
892035
892372
893103
894171
895458
896349
896692
898283
898422
899006
899408
900712
912403
914570
925185
935272
949231
969163
970967
991691
1002801
1002878
1031071
1031808
1041697
1057785
1058012
1059759
1061812
1061911
1065974
1066118
1069427
1070549
1072124
1128361
1170084
1175842
1183138
1189167
1194951
1240311
1278484
1311791
1349148
1363644
1373209
1373241
1373258
1380766
1408131
1409342
1411389
1417297
1421735
1439363
1441980
1444902
1445536
1445676
1448072
1449538
1450202
1450841
1451492
1451652
1451962
1452078
1452302
1452742
1453324
1453910
1454901
1491472
1491928
1491936
1492152
1492696
1501215
1510115
1516203
1516500
1516674
1517193
1517359
1517512
1517571
1517888
1519792
1598090
1598335
1599552
1599688
1600114
1600122
1600759
1603373
1604405
1607515
1610022
1612499
1619528
1637000
1639070
1660122
1661581
1662627
1662702
1662767
1663632
1663963
1664052
1664762
1666818
1675868
1676403
1694323
1749172
1871889
1876268
1879831
1891283
1891481
1892297
1892794
1893052
1893099
1893172
1893354
1895706
1898932
1899972
1902130
1907711
1918917
1923299
1924364
1925214
1925883
1926012
1926023
1927756
1928541
1929006
1944148
2002667
2002824
2003434
2003657
2004416
2006270
2006437
2020198
2021273
2021471
2023174
2023320
2027050
2028026
2028037
2031224
2036016
2043066
2052746
2053819
2069336
2077759
2083444
2083988
2084070
2084398
2084718
2085680
2086253
2087134
2087807
2088234
2089699
2090328
2090415
2093591
2099207
2112052
2112246
2112462
2113167
2119792
2119800
2120368
2120428
2120501
2128470
2129361
2129494
2158719
2297078
2412722
2571649
2613914
3195597
3301046
3585898
3703679
3956552
4033576
4081550
4184126
4185256
4185348
4185363
4185405
4186106
4186818
4187849
4188044
4188313
4190159
4200660
4222551
4222728
4222944
4281009
4287054
4289256
4289847
4290199
4290903
4296673
4296715
4297788
4299883
4318724
4321851
4334433
4346828
4362435
302760
303040
303099
303599
303727
304063
304279
304352
304360
304410
305003
305458
305649
309369
309658
309677
309872
310417
310933
311033
313098
313379
313611
314583
314609
315416
316224
316638
319798
322066
323253
323288
323411
323527
323782
324590
325183
326766
327320
328022
328302
328655
328914
329311
330088
334677
335596
335877
337233
338633
339722
340836
341321
341396
341578
341727
342533
342881
343426
343798
344000
344400
344531
345223
345918
353854
354241
354324
354340
354472
355628
356469
359067
359760
360834
361998
362921
362996
364513
364844
366422
366559
367532
369413
374132
376079
378109
380204
383488
385066
385544
386033
386088
386233
386355
388511
389361
389666
390444
392167
393566
393599
393702
393722
394099
394188
394262
394270
396833
396911
409812
454472
496651
503779
526384
536746
586103
655698
671879
675960
698191
699434
732126
767722
787467
800172
813360
815000
815241
815621
815704
816155
818054
820050
824656
824920
825158
825893
826155
826727
828673
828863
829556
830703
830836
830968
831438
831701
832277
833400
836387
837762
838839
842692
843235
843542
845602
856591
856906
857482
858399
858522
859256
859520
859678
859918
860763
861622
861861
861905
862738
863053
863717
863917
864627
866650
5721456
5721472
5721522
5721834
5722728
5723445
5723452
5723486
5723981
5724112
5724120
5724187
5724237
5724245
5730858
5731399
5743883
5747898
5756592
5756762
5757762
5758600
5759441
5760855
5760890
5762235
5763159
5763440
5763764
5765067
5765198
5765599
5765712
5766947
5768135
5768515
5771003
5774171
5781237
5784113
5784180
5784325
5784877
5786996
5787245
5787369
5788407
5790006
5791167
5791358
5791632
5792249
5794475
5794570
5795400
5796641
5799771
5799866
5800004
5800447
5801416
5802347
5803465
5803669
5804159
5808738
5809079
5810118
5810656
5811209
5812379
5813685
5814512
5815108
5821194
5822502
5823443
5824193
5824235
5824243
5833365
5838799
5838801
5839394
5841957
5842669
5843095
5845144
5845373
5846244
5846761
5848567
5848661
5848988
5849238
5850151
5850596
5850767
5850913
5852793
5853461
5853538
5854411
5859155
5862466
5862508
5862748
5874875
5875277
5877035
5877043
5877712
5888385
5888407
5896977
5897520
5906131
5906365
5906526
5910526
5912005
5942141
5959774
5960214
5961864
5962459
5970483
5970590
5971682
5974493
5980287
5992529
5993055
6008287
6018035
6022438
6042536
6043612
6044716
6045104
6052070
6054831
6059793
6067173
6070229
6070430
6071075
6075234
6075639
6076518
6078999
6100529
6119270
6126561
6138090
6141122
6142082
6144633
6144915
6145300
6150033
6154740
6157937
6160210
6169408
6176086
6176185
6179591
6179871
6179902
6181406
6181888
6189143
6195429
6199133
6199349
6215412
6216877
6216985
6217939
6221669
6258159
6284251
6287870
6291500
6293478
6293922
6295543
6296815
6297644
6298528
6298633
6299033
6299688
6301590
6311863
6315209
6320861
6320887
6321278
6321462
6321516
6322433
6322630
6323341
6323648
6323861
6323964
6324457
6324695
6324884
6325066
6326397
6327943
6328428
6328500
6328518
6328690
6328956
6330452
6330761
6330837
6330878
6331908
6332494
6332874
6332949
6333658
6333882
6336818
6336842
6337063
6339770
6340166
6340224
6341259
6349463
6359118
6359132
6361212
6363459
6364858
6364918
6368068
6371534
6371567
6371856
6376319
6391797
6421526
6436279
6436931
6437046
6437327
6437350
4368654
4370581
4374572
4384017
4389368
4418046
4423902
4431088
4432265
4434493
4436997
4459219
4461443
4470347
4482460
4511548
4557363
4557851
4559784
4562579
4571926
4578988
4579448
4596887
4634773
4643019
4663935
4690535
4767885
4815456
4815522
4817057
4829904
4833765
4835742
4848721
4851410
4917187
4922203
4923710
4924787
4924878
4925149
4925164
4925198
4928796
4928853
4928887
4928994
4929000
4929232
4949628
4949693
4949743
4950136
4950212
4950345
4950770
4951263
4951831
4953108
4953959
4954048
4954420
4954507
4955005
4955096
4955104
4955138
4955146
4955401
4955435
4955443
4962552
4967398
4969116
4971952
4971960
4972281
4972719
4973739
4974148
4974709
4975169
4975656
4977629
4977900
4979923
4980219
5087387
5145805
5149724
5149831
5150235
5172469
5188635
5226003
5234842
5239010
5240077
5241044
5242347
5250035
5250407
5251900
5255919
5257196
5257816
5258673
5261865
5264345
5265291
5266818
5267088
5267195
5268221
5268472
5269993
5272883
5278503
5283275
5283531
5283705
5338801
5339703
5340885
5340919
5341974
5342162
5343996
5354456
5356028
5362113
5378352
5417721
5423038
5423149
5426283
5433660
5461745
5504687
5508788
5508978
5509224
5509485
5509885
5520779
5531550
5543827
5559108
5559476
5573055
5582163
5586529
5596251
5600163
5605105
5608752
5631983
5640075
5646026
5656205
5658184
5659466
5666263
5666891
5666909
5666925
5667303
5667352
5674985
5683256
5686884
5693145
5694186
5700864
5710723
5710764
5713179
5713441
5713680
5714699
5714877
5715050
5716658
5718068
5718950
5719871
5720218
5720518
5721415
6992867
6993355
6995105
6998657
6998837
6999609
6999610
7000133
7000158
7000356
7000571
7000589
7003318
7005454
7005488
7005710
7008955
7009320
7009658
7010045
7010247
7010261
7010450
7015713
7016642
7017094
7017386
7017745
7018554
7018703
7019412
7022632
7022749
7023010
7023998
7024067
7028765
7029688
7040964
7041996
7042598
7043232
7044069
7048275
7048369
7049089
7049944
7050932
7051489
7052476
7054057
7054819
7056170
7056489
7057106
7057241
7059298
7059349
7061747
7092031
7093708
7099630
7100291
7114114
7114417
7118426
7119590
7121871
7131931
7136580
7138540
7139129
7139519
7140861
7143116
7143157
7144156
7147923
7153908
7157717
7159841
7169799
7170491
7171349
7172791
7192710
7194286
7197923
7198515
7200133
7202899
7203075
7204457
7204828
7206848
7208461
7214937
7217731
7221386
7221924
7222562
7222749
7223252
7225296
7226004
7226968
7229737
7230363
7237816
7238896
7239112
7242814
7243630
7244696
7251296
7251942
7254375
7255435
7257048
7258129
7259531
7259745
7262090
7263744
7264465
7265959
7268506
7271403
7272607
7272880
7274505
7277061
7277926
7293371
7293826
7294590
7295006
7295552
7295708
7296953
7297422
7299403
7299631
7303400
7305885
7312219
7317880
7318731
7322600
7331084
7332519
7339033
7340646
7343392
7343562
7345122
7347326
7347921
7348404
7350964
7355162
7355534
7356434
7356637
7358015
7358318
7360736
7360844
7361637
7363778
7371141
7374744
7375122
7375908
7377263
7378294
7378815
7381145
7382317
7388207
7392915
7398669
7401389
7407828
7409402
7410120
7411522
7412101
7413095
7416467
7417701
7418322
7419722
7422972
7438865
7439569
7459534
7460741
7460881
7463092
7463169
7463257
7465906
7466482
7466581
7466631
7466714
7466722
7466839
7466912
7467241
7467720
7467779
7468312
7469540
7470114
7477623
7478132
7478654
7479347
7479581
7479661
7482011
7482984
7484582
7486563
7486838
7487260
7490099
7490803
7492327
7493349
7494134
7494239
7495142
7498105
7498139
7498154
7498162
6437905
6438218
6438424
6477302
6477368
6479428
6485130
6486178
6486494
6486554
6489838
6491197
6493575
6495778
6495852
6496014
6496249
6496454
6499343
6499733
6501714
6503535
6504699
6507830
6509092
6513033
6513328
6514950
6526376
6526434
6532915
6535435
6536830
6543769
6546630
6547321
6551770
6554451
6559837
6563000
6564840
6564887
6576843
6576850
6576975
6576983
6577072
6577098
6577353
6582935
6583118
6590935
6595895
6598033
6600027
6602343
6606660
6617514
6623365
6625875
6629374
6630401
6637060
6650231
6652648
6653105
6654350
6664734
6670198
6685241
6699193
6704890
6704999
6707919
6708172
6711713
6712905
6721515
6723628
6728178
6730655
6733727
6737946
6739671
6742672
6744919
6748876
6750189
6750849
6750852
6750873
6752785
6753032
6753125
6754298
6754384
6754917
6755858
6756534
6756820
6757273
6757740
6757825
6758107
6759627
6760605
6780974
6782924
6794107
6801801
6809362
6821108
6821967
6825201
6825298
6825429
6829048
6842949
6852647
6853395
6855184
6860553
6860718
6861948
6869810
6870380
6871168
6882326
6884518
6898806
6900366
6906617
6907486
6912360
6915884
6916750
6917184
6921644
6921710
6923653
6925495
6926373
6926431
6927375
6927966
6928772
6928994
6929064
6929843
6930381
6930848
6931184
6932800
6933029
6933185
6934689
6935572
6936125
6936178
6936340
6936372
6937212
6938434
6941306
6941776
6942526
6942999
6944108
6944840
6944948
6945402
6945471
6945745
6946380
6946913
6949261
6951952
6952139
6954376
6954710
6956200
6956214
6956356
6956706
6958363
6962966
6963810
6967151
6967938
6971183
6973651
6973669
6973701
6973792
6973859
6973941
6973958
6978226
6979331
6980408
6981950
6987834
6990386
6990689
6991180
6992035
6992119
6992420
9176024
9176170
9183961
9185204
9186643
9191225
9191836
9191961
9195728
9196814
9208815
9215894
9220424
9226602
9226692
9235349
9249641
9253390
9253692
9259572
9260670
9260960
9262389
9282240
9283608
9291005
9292730
9294438
9306375
9315671
9322117
9323982
9326837
9327750
9328809
9329409
9330451
9334720
9335552
9354530
9357954
9367961
9368209
9373189
9373404
9374734
9375402
9376079
9376202
9376582
9376756
9379503
9381519
9386820
9388473
9391077
9391771
9400382
9400390
9403394
9405695
9405711
9408162
9408598
9409322
9410221
9410237
9410840
9411432
9411495
9415661
9415901
9417915
9420208
9423111
9423459
9439794
9441748
9441846
9442145
9442445
9443458
9443682
9454863
9457820
9458085
9458406
9474982
9476130
9477828
9479765
9481571
9482642
9484601
9488930
9490540
9506905
9542929
9551405
9551519
9551520
9551787
9552213
9553055
9553581
9556287
9556669
9557616
9558393
9559029
9559763
9560497
9561326
9562973
9563275
9566007
9566224
9567345
9578832
9579988
9580472
9585542
9585557
9588287
9594168
9599957
9603746
9605725
9605998
9608189
9613805
9614257
9627679
9634535
9635367
9636127
9636432
9642650
9642694
9645234
9647584
9651980
9654301
9665726
9671810
9676227
9682570
9702621
9726318
9727974
9729245
9729306
9729611
9730216
9731470
9733360
9733570
9733796
9734597
9735387
9738625
9743454
9756486
9760170
9761965
9776471
9782248
9786033
9786675
9791331
9791785
9793311
9793376
9793577
9795464
9795880
9795994
9796210
9798384
9799200
9800679
9800774
9800961
9802033
9802496
9804607
9814137
9819276
9819284
9819631
9821280
9822536
9823369
9827865
9828914
9830844
9830877
9835256
9860811
9861784
9862527
9863512
9863680
9865949
9874150
9875401
9876839
9887638
9892863
9895701
9936856
9954428
9955174
9961292
9966697
9967101
9969117
9969855
10020623
10022019
10032648
10052118
7498394
7499043
7499198
7501462
7503953
7504780
7505130
7505444
7506292
7507752
7508815
7510421
7513366
7572013
7596224
7596767
7597021
7598615
7599712
7600738
7604489
7606622
7612483
7616319
7616669
7617444
7618057
7619269
7621056
7624689
7630289
7637378
7638254
7638262
7648733
7651419
7654903
7655002
7655726
7658245
7666209
7678352
7679183
7681024
7681189
7681941
7682798
7702227
7704604
7711723
7716084
7718795
7720532
7721985
7722108
7726948
7729713
7746470
7752549
7766785
7772557
7772645
7775903
7777580
7778565
7779539
7782310
7782477
7782903
7783568
7784606
7786806
7787972
7791777
7792894
7793019
7794435
7808972
7813039
7813404
7814799
7816305
7820942
7821130
7821256
7822491
7822932
7830680
7830873
7833790
7835037
7839461
7842699
7842974
7856233
7856674
7858565
7860452
7861462
7867788
7874916
7899039
7899088
7899112
7899146
7899179
7899583
7901750
7902640
7904609
7905450
7905813
7907105
7910605
7910794
7910997
7911056
7912474
7912487
7912525
7913333
7915824
7916374
7918472
7919031
7920407
7920580
7920620
7920795
7920835
7921736
7921952
7923804
7923953
7924035
7926614
7927460
7928609
7928622
7928671
7929491
7930875
7931055
7932278
7932583
7933641
7935056
7935122
7935379
7935577
7935585
7936039
7937163
7940037
7940401
7956466
7957589
7959023
7961110
7963363
7966323
7966513
7971226
7972449
7976012
7977360
7977967
7978110
7979238
7979442
7980272
7980507
7982163
7984480
7987046
7988394
9021774
9021790
9023187
9028342
9031930
9050353
9056630
9057521
9062381
9076453
9076723
9077213
9077623
9078484
9078546
9078621
9080184
9080415
9080566
9080648
9080953
9081696
9082843
9110627
9111087
9117382
9117424
9117787
9123716
9133564
9133698
9135253
9135640
9136002
9136760
9138755
9139299
9141985
9148169
9149337
9150275
9159431
9174130
9174327
9174664
9175511
9175847
11780870
11782079
11822019
11825923
11850886
11852036
11900498
11901066
11909924
11917973
11921244
11941614
11941776
11945705
11950251
11959641
11987647
11990182
12021912
12062065
12076903
12077590
12078177
12093189
12102393
12103927
12117364
12129739
12132852
12162057
12167307
12167622
12168091
12168576
12177620
12207657
12210564
12213496
12218623
12227321
12246295
12249093
12275800
12275818
12277151
12278309
12278333
12278409
12278432
12278671
12283196
12283968
12287902
12288409
12289488
12289504
12289512
12289595
12305945
12313007
12313023
12315739
12315812
12315820
12315861
12316299
12316315
12317544
12318621
12319810
12320192
12320333
12320386
12393710
12466243
12469005
12492207
12497780
12505669
12510495
12535179
12539676
12540330
12543251
12543664
12604835
12605816
12658930
12660266
12700923
12701624
12708840
12835918
12838452
12868004
12872775
12873719
12904318
12949815
12958025
12960943
12961001
12961092
12962501
12965988
13001636
13065622
13079933
13083485
13084201
13110376
13121106
13128181
13162753
13181469
13197506
13231873
13234271
13269803
13282005
13304871
13336131
13339011
13352369
13364919
13369048
13408369
13410683
13410905
13415984
13444168
13446816
13447132
13447627
13450374
13451399
13525635
13572909
13584537
13593375
13646018
13657301
13658363
13664216
13783014
13784033
13792448
13815431
13815449
13816997
13820091
13825038
13829085
13829093
13829168
13829699
13830916
13831569
13833020
13833319
13833491
13833541
13833657
13834176
13834184
13834424
13835140
13835371
13835819
13855908
13855957
13902627
13960072
14009410
14034553
14043526
14060228
14068221
14076778
14081653
14082256
14089701
14095018
14105746
14126748
14126813
14126945
14127092
14127183
14127442
14127456
14127464
14148064
14148080
14148494
14148510
14148668
14148783
14151700
14152415
14153103
14159202
14159392
14160853
14169177
14169474
14173369
14178319
10076489
10083001
10087595
10101444
10106895
10123673
10128262
10136497
10136810
10136854
10136988
10137264
10137431
10137754
10139026
10139630
10141049
10141702
10141896
10142156
10146349
10155539
10156118
10156490
10163694
10172448
10172530
10172577
10173219
10173323
10175493
10179981
10189373
10191839
10201394
10216801
10220402
10226437
10227028
10242994
10244366
10247902
10251102
10251497
10251554
10252458
10252561
10269902
10282148
10284062
10339183
10361636
10459822
10506236
10517223
10527895
10533250
10544102
10545937
10548149
10556760
10556958
10557114
10562628
10562811
10569434
10570069
10580647
10580795
10581167
10581256
10581280
10581363
10581397
10581488
10581587
10581603
10581660
10581702
10581751
10582585
10583260
10583728
10583911
10584074
10587079
10587645
10590961
10594535
10594991
10598759
10602218
10606641
10606883
10606995
10615708
10630358
10664365
10666771
10667622
10669234
10733121
10733428
10755049
10762861
10763761
10776751
10851522
10851689
10857278
10859873
10862028
10901818
10918270
10938422
10942599
10945998
10957952
11006305
11065326
11065334
11065536
11067548
11067663
11068826
11068961
11069563
11070449
11070945
11070961
11071106
11072447
11072470
11074912
11089538
11100065
11103749
11104208
11105783
11106222
11110924
11117956
11128037
11128266
11129371
11131406
11131778
11142746
11149014
11155168
11155643
11161371
11162293
11177495
11183805
11200568
11222539
11239467
11248211
11259457
11259948
11260005
11261129
11262908
11262947
11263397
11263495
11268663
11271001
11275438
11280479
11284653
11286344
11296558
11299100
11299714
11311118
11311183
11311928
11321323
11321349
11331389
11331579
11332277
11332535
11334275
11336075
11336269
11338126
11339038
11339705
11341002
11341479
11341849
11350964
11352157
11383979
11388863
11396804
11396812
11396874
11416420
11417477
11419811
11426338
11427018
11427229
11427239
11436121
11436139
11436147
11446286
11448787
11465021
11471495
11471708
11488331
11491150
11504117
11505568
11530356
11536349
11544507
11552756
11580178
11641191
11653178
11659107
11682070
11682912
11683208
11684239
11684868
11714885
11746787
11758812
11762422
11776232
11780337
14181479
14183020
14186649
14205495
14211284
14215739
14217554
14230102
14236224
14240661
14256321
14260406
14267690
14280172
14322149
14404541
14424916
14490383
14503367
14532866
14534750
14569962
14583377
14591982
14611469
14951008
14996669
14997197
15272104
15381566
15575423
15664524
15771204
15771212
15771995
15846071
15847681
15847723
15848739
15930859
15976225
15976894
15976960
15976985
15977066
15977359
15977421
15977637
15977744
15978189
15978254
15978759
15978859